128  0  128
0.00781243
0.00781243
0.00781243
0.00781243
0.00781243
0.00781243
0.00781243
0.00781243
0.00781243
0.00781243
0.00781243
0.00781243
0.00781243
0.00781243
0.00781243
0.00781243
0.00781243
0.00781243
0.00781243
0.00781243
0.00781243
0.00781243
0.00781243
0.00781243
0.00781243
0.00781243
0.00781243
0.00781243
0.00781243
0.00781243
0.00781243
0.00781243
0.00781243
0.00781243
0.00781243
0.00781243
0.00781243
0.00781243
0.00781243
0.00781243
0.00781243
0.00781243
0.00781243
0.00781243
0.00781243
0.00781243
0.00781243
0.00781243
0.00781243
0.00781243
0.00781243
0.00781243
0.00781243
0.00781243
0.00781243
0.00781243
0.00781243
0.00781243
0.00781243
0.00781243
0.00781243
0.00781243
0.00781243
0.00781243
0.00781243
0.00781243
0.00781243
0.00781243
0.00781243
0.00781243
0.00781243
0.00781243
0.00781243
0.00781243
0.00781243
0.00781243
0.00781243
0.00781243
0.00781243
0.00781243
0.00781243
0.00781243
0.00781243
0.00781243
0.00781243
0.00781243
0.00781243
0.00781243
0.00781243
0.00781243
0.00781243
0.00781243
0.00781243
0.00781243
0.00781243
0.00781243
0.00781243
0.00781243
0.00781243
0.00781243
0.00781243
0.00781243
0.00781243
0.00781243
0.00781243
0.00781243
0.00781243
0.00781243
0.00781243
0.00781243
0.00781243
0.00781243
0.00781243
0.00781243
0.00781243
0.00781243
0.00781243
0.00781243
0.00781243
0.00781243
0.00781243
0.00781243
0.00781243
0.00781243
0.00781243
0.00781243
0.00781243
0.00781243
-2.06729783
0.86106473
-2.10249176
-0.57761507
-2.76529540
-1.78086238
-1.78399924
1.15262171
6.78019060
-1.18430050
5.15067613
-2.00465867
-0.62453719
4.28624464
-0.20929155
1.55527176
0.62357120
-6.24056731
0.32246439
0.25533109
-0.34351727
2.82268947
0.23686964
2.55458689
3.04441736
0.02586239
23.56317615
-2.28812024
1.68040135
1.73760832
-16.37519570
1.17754300
-30.96476859
0.36518682
-0.98425105
0.39476015
-6.39521718
1.41292039
-19.61675981
-0.52422432
-0.37772107
3.50189077
-0.75686902
0.25938439
-0.14939406
-6.05538165
-2.20868925
0.25280299
-0.96790104
-0.74560426
2.08941851
4.17896829
2.65747015
2.46773569
0.85907722
0.34934560
-2.03582371
0.20686067
1.90105527
7.88298450
-6.25880457
0.26516809
-2.24146236
-0.26053035
0.24543396
-0.60919598
1.30688090
405.56716973
-0.05982505
-0.14284838
-0.55017722
-0.47357528
1.81051129
0.11701581
5.72666492
0.43039101
0.20046473
-0.25887171
0.19339478
0.24956794
-0.48709861
-0.53201745
-0.27617421
-3.58544687
2.85354266
-0.28178126
-0.19287954
-11.86995189
-0.24822801
-0.06234992
-0.06655155
5.33445762
1.55287780
-0.91640482
-168.16981452
-0.04586738
-0.41659176
-10.05123848
-0.07405429
-1.55680575
5.60910541
3.48223109
0.43434228
0.46485395
0.37022788
-0.43170517
-1.91110370
1.43431782
0.24467459
-5.60502627
-0.22925004
47.80539425
-3.12269413
0.31897722
-11.06692225
-1.30229271
-6.47195111
0.30498948
0.17804033
-1.04688849
0.09780666
0.82702428
-0.35092625
-18.11448038
-0.28526378
-0.63024832
1.97498664
0.10448117
3.12355502
3.72223396
1.00184269
-5.62154417
1.28881417
-0.11705753
0.02393420
0.72629306
3.58443157
-1.32508096
-1.36221319
0.70366798
-1.50923749
15.80448183
-0.04387754
0.45287774
-1.01189315
-6.25438559
-4.20209137
0.42937960
-0.51939112
-0.85696265
-0.25589329
2.56530485
-5.23328334
-0.02809335
-11.47346100
-2.32691291
5.38107420
0.20452782
-51.61691317
0.67696167
-34.42002545
2.10052200
0.07736024
-0.26742532
-27.62588287
0.11800153
-13.95180689
-1.13453688
-0.16208499
0.09395979
0.52388884
0.63866498
2.54411728
13.57646906
0.31140448
0.91302443
-0.86950368
2.58640423
3.19387470
-1.34078370
-0.43418949
-0.45637071
0.52506959
0.21288587
-3.60564108
-0.20351011
0.34933335
-4.47104615
19.03682741
0.81483223
-0.23000658
-0.41733361
-0.49942166
4.47407361
6.18478379
-463.28501024
-0.35765621
-2.73871846
0.41128123
0.18403611
-4.09531741
-1.50885895
8.93884265
-1.51254733
-0.09346200
0.40015116
-0.22326022
0.36009186
0.03918812
0.60792372
0.08147267
-1.19309190
3.65466785
-0.45998203
1.93606924
0.21158140
0.56825151
-0.42047254
0.22155206
-1.65027907
10.65269426
-0.58627378
213.10317785
-0.27708912
0.19173275
-5.23688544
0.68640935
-0.43557039
-1.52886259
-1.46118501
-0.20911918
-0.31059866
0.56975154
-0.94029473
-1.63316450
0.50135002
-0.04356200
-14.20973379
-0.09526487
-35.87574016
-20.16531203
0.92291984
10.76736298
-0.47439115
5.73168785
0.11229584
0.16903006
2.73475976
0.37735173
-0.91663046
0.12398049
-0.69080596
-0.75036197
0.15771592
-4.14318471
-0.00845422
3.08946575
4.92162047
-0.55206278
-1.54407426
-1.22767965
-1.13882736
0.25679946
-2.15440233
-0.00150566
-0.50741621
-2.60427163
-0.35499500
2.36511991
-5.18720250
0.12407539
-1.87897571
0.39873602
-3.80179153
0.84833731
0.07049075
0.49540604
0.45805464
0.18513532
1.35694114
0.53238241
-0.05065837
-0.43661455
1.13705000
-0.37310473
-0.17399800
22.13754896
1.29899096
-6.94497367
1.43912661
0.23360599
-0.04874729
-9.70891880
-1.13730066
20.14504141
-0.94657964
0.47218369
-1.82037945
-1.78790363
0.79861965
0.79003846
-16.40104963
2.06971800
0.57005519
-0.18779853
-2.22244783
-2.36633263
-0.68326672
-3.23279427
1.04334982
2.21893296
0.01227115
-3.04777407
-0.02643797
-7.21105622
-0.39998016
-3.92557915
0.08249193
0.27354659
-0.61744603
0.04122347
12.86407738
1.72443275
-37.35254506
-0.22001244
3.07240455
0.32255429
0.18201370
-10.66305340
-0.11689919
-9.29211036
-0.61134865
-0.05045879
0.35802441
-0.05359217
-0.37514315
-1.57207761
-0.23314846
1.30418977
0.24860052
-1.61769822
0.48222473
-1.75413198
-10.23997160
0.97901888
0.81199816
0.24093774
-5.86884960
1.42793524
-0.03604881
82.45018465
-0.93438138
-0.08850602
4.87111067
0.08187979
-3.33899723
2.83867057
6.91727157
-3.06426210
0.24625189
-0.21308712
-1.38577199
1.55701545
0.76507272
-0.06866476
62.03576294
-0.48942262
59.85706046
-11.76584181
-0.55484325
5.08068913
1.40984333
-6.01051751
-0.15520221
0.42128171
2.15318752
1.00720533
1.04832375
0.35325082
1.29277187
-2.08086492
-0.66681015
0.09985958
-0.51123651
0.21185470
0.36917701
0.18529616
0.03962268
-0.05921531
-0.30118299
-0.36401021
-0.16993207
0.30659371
0.19792202
0.05606628
0.01309427
-0.29858161
0.12280688
0.01274207
0.21172069
-0.36014936
0.01696136
0.07148889
-0.36841621
-0.37119834
-0.28639450
-0.16625442
0.04171782
-0.05140572
-0.23267204
0.13949490
-0.30845135
-0.01251826
0.45569592
0.05458697
-0.00677937
0.03494147
-0.11673373
0.15744189
0.50238454
0.13383545
-0.33589121
0.00269657
-0.21493912
0.42029257
-0.21861597
0.11006918
0.10669046
0.09678507
0.08620571
0.14049955
-0.37619382
0.01440443
0.05877662
0.04452811
-0.33157244
-0.03794313
-0.01482019
-0.20828085
0.50818125
0.44022087
-0.33469302
0.13123194
0.14524962
-0.22765051
-0.39891450
-0.17337366
0.10924907
0.04011056
-0.05357171
-0.30474492
0.03441584
0.23840471
-0.00864676
-0.23916723
0.41766642
0.22380746
0.00369048
0.00205807
-0.33235355
-0.18348935
0.32409719
-0.28002781
0.26966684
0.29643270
-0.32994279
0.34025232
-0.22532623
0.40621565
-0.07394953
-0.00826788
-0.04349965
-0.36271700
-0.58249982
0.08266495
0.13646439
0.03759807
0.07431758
-0.00063483
-0.41898278
0.37599033
-0.03060459
0.04045587
0.21329264
0.00745245
0.01798404
-0.05936505
0.05453660
-0.26127254
0.13617014
0.02173050
0.00458571
-0.26936749
0.04405482
-0.16658276
0.01067903
-0.01833116
-0.14978381
0.20846509
0.15700081
-0.01883537
-0.14436015
0.22953109
0.10756188
0.28409311
-0.11278372
-0.04491085
0.09597411
-0.04605333
-0.27706852
-0.22340324
0.04686688
0.39816756
-0.12255856
-0.10982420
-0.24503646
0.17276059
-0.19081430
-0.03129709
-0.02001111
-0.00230388
0.54501617
-0.39173024
0.15327139
0.00357252
0.01979002
-0.34229419
-0.22953402
0.44801221
0.01785409
0.34195634
0.19041227
0.40928955
-0.00689738
-0.47332558
0.02031146
0.10555528
-0.02349703
-0.07355117
-0.19378502
-0.13099341
0.08965581
0.07091464
0.00107044
-0.07648345
0.31162373
0.33071051
-0.20249316
0.03095481
-0.41626245
-0.04019640
0.00080875
-0.34783606
0.31595112
-0.07003704
-0.30893561
-0.20867449
-0.06648999
0.26749735
-0.24150398
-0.20848707
0.17995115
-0.07813030
-0.05340527
0.16332037
0.00318563
0.22486575
0.15660853
0.00128152
0.25393484
-0.08113987
0.01012924
0.16387312
-0.26212084
0.06892348
-0.60209760
0.15064171
-0.18412750
-0.08251327
0.00661228
0.05497539
0.31594067
0.39722976
-0.43757169
-0.10709103
0.31934445
0.20437453
-0.20007024
0.08352652
-0.40157521
0.07282863
-0.20743638
-0.41684568
-0.42909795
-0.71811300
-0.34635380
-0.06660042
0.40070878
0.22957513
0.13200682
0.17475454
-0.12443755
-0.28903920
0.14109456
-0.29454054
-0.15272468
-0.00573810
0.29864511
0.01713262
-0.05337177
0.24934832
0.19578531
-0.07778316
0.04945543
0.01238749
-0.20230806
0.03566331
-0.21651479
-0.29962828
0.36630033
-0.44217544
0.00977937
-0.11005886
0.03716994
0.05681039
-0.14973949
-0.04120397
0.12906104
-0.07445230
-0.18050416
-0.48888222
0.12446849
0.34900230
0.08775980
-0.43121839
-0.05845564
-0.33374338
0.40550001
0.16890953
0.22782887
0.12356532
0.13938414
-0.24524780
0.13751830
-0.28547631
-0.43138626
0.39056502
-0.42906339
0.19717791
0.06042365
0.15180222
0.22755875
-0.13085275
-0.19627337
-0.01230635
-0.40089583
-0.27182554
-0.21488739
-0.32975775
0.15443147
0.43126070
-0.19384136
0.37595408
0.52033012
0.14845131
-0.44050090
-0.02210533
-0.05023227
0.13212375
0.09064401
0.08423453
0.33343790
0.08880065
-0.06289732
-0.55652124
0.61633606
-0.01591741
-0.06525817
-0.01411381
0.59322177
0.21473175
0.05954816
0.50858751
0.01523940
0.28860013
-0.00929858
0.42585681
-0.23283284
0.69984888
-0.00482294
-0.14509806
0.00692429
-0.31068577
0.25001389
0.11966373
0.08090083
0.09540305
0.41092933
0.14814777
-0.25408064
0.03045009
0.24197287
0.24237668
-0.21331482
0.04045933
-0.01913993
-0.10785912
0.01489120
-0.27772299
-0.09592353
0.41080690
-0.23010132
0.04250913
0.10318006
0.06637041
0.49526285
0.27593101
0.13664978
-0.65317260
0.22562886
0.00101170
0.48568354
0.07467776
0.15573075
-0.11236562
-0.43312399
-0.50151047
-0.05453284
-0.35067942
0.00701183
0.31669607
0.07461833
-0.04579487
-0.32444671
0.04405040
-0.23050957
0.08808889
-0.24440356
0.20526539
0.00928491
0.26660789
0.09632760
-0.07072923
0.12501393
0.03785052
0.00530411
0.13998946
-0.08926766
0.56473517
0.06441481
0.01743816
-0.07823233
0.10543589
0.09655858
-0.00695700
-0.56471420
0.20783459
0.11903136
-0.57460058
-0.00171604
0.37323352
-0.09293585
0.54983768
0.16347098
-0.44839323
0.54841073
0.05150715
-0.00159588
0.01000000
0.01000000
0.01000000
0.01000000
0.01000000
0.01000000
0.01000000
0.01000000
0.01000000
0.01000000
0.01000000
0.01000000
0.01000000
0.01000000
0.01000000
0.01000000
0.01000000
0.01000000
0.01000000
0.01000000
0.01000000
0.01000000
0.01000000
0.01000000
0.01000000
0.01000000
0.01000000
0.01000000
0.01000000
0.01000000
0.01000000
0.01000000
0.01000000
0.01000000
0.01000000
0.01000000
0.01000000
0.01000000
0.01000000
0.01000000
0.01000000
0.01000000
0.01000000
0.01000000
0.01000000
0.01000000
0.01000000
0.01000000
0.01000000
0.01000000
0.01000000
0.01000000
0.01000000
0.01000000
0.01000000
0.01000000
0.01000000
0.01000000
0.01000000
0.01000000
0.01000000
0.01000000
0.01000000
0.01000000
0.01000000
0.01000000
0.01000000
0.01000000
0.01000000
0.01000000
0.01000000
0.01000000
0.01000000
0.01000000
0.01000000
0.01000000
0.01000000
0.01000000
0.01000000
0.01000000
0.01000000
0.01000000
0.01000000
0.01000000
0.01000000
0.01000000
0.01000000
0.01000000
0.01000000
0.01000000
0.01000000
0.01000000
0.01000000
0.01000000
0.01000000
0.01000000
0.01000000
0.01000000
0.01000000
0.01000000
0.01000000
0.01000000
0.01000000
0.01000000
0.01000000
0.01000000
0.01000000
0.01000000
0.01000000
0.01000000
0.01000000
0.01000000
0.01000000
0.01000000
0.01000000
0.01000000
0.01000000
0.01000000
0.01000000
0.01000000
0.01000000
0.01000000
0.01000000
0.01000000
0.01000000
0.01000000
0.01000000
0.01000000
