256  0  256
0.00390625
0.00390625
0.00390625
0.00390625
0.00390625
0.00390625
0.00390625
0.00390625
0.00390625
0.00390625
0.00390625
0.00390625
0.00390625
0.00390625
0.00390625
0.00390625
0.00390625
0.00390625
0.00390625
0.00390625
0.00390625
0.00390625
0.00390625
0.00390625
0.00390625
0.00390625
0.00390625
0.00390625
0.00390625
0.00390625
0.00390625
0.00390625
0.00390625
0.00390625
0.00390625
0.00390625
0.00390625
0.00390625
0.00390625
0.00390625
0.00390625
0.00390625
0.00390625
0.00390625
0.00390625
0.00390625
0.00390625
0.00390625
0.00390625
0.00390625
0.00390625
0.00390625
0.00390625
0.00390625
0.00390625
0.00390625
0.00390625
0.00390625
0.00390625
0.00390625
0.00390625
0.00390625
0.00390625
0.00390625
0.00390625
0.00390625
0.00390625
0.00390625
0.00390625
0.00390625
0.00390625
0.00390625
0.00390625
0.00390625
0.00390625
0.00390625
0.00390625
0.00390625
0.00390625
0.00390625
0.00390625
0.00390625
0.00390625
0.00390625
0.00390625
0.00390625
0.00390625
0.00390625
0.00390625
0.00390625
0.00390625
0.00390625
0.00390625
0.00390625
0.00390625
0.00390625
0.00390625
0.00390625
0.00390625
0.00390625
0.00390625
0.00390625
0.00390625
0.00390625
0.00390625
0.00390625
0.00390625
0.00390625
0.00390625
0.00390625
0.00390625
0.00390625
0.00390625
0.00390625
0.00390625
0.00390625
0.00390625
0.00390625
0.00390625
0.00390625
0.00390625
0.00390625
0.00390625
0.00390625
0.00390625
0.00390625
0.00390625
0.00390625
0.00390625
0.00390625
0.00390625
0.00390625
0.00390625
0.00390625
0.00390625
0.00390625
0.00390625
0.00390625
0.00390625
0.00390625
0.00390625
0.00390625
0.00390625
0.00390625
0.00390625
0.00390625
0.00390625
0.00390625
0.00390625
0.00390625
0.00390625
0.00390625
0.00390625
0.00390625
0.00390625
0.00390625
0.00390625
0.00390625
0.00390625
0.00390625
0.00390625
0.00390625
0.00390625
0.00390625
0.00390625
0.00390625
0.00390625
0.00390625
0.00390625
0.00390625
0.00390625
0.00390625
0.00390625
0.00390625
0.00390625
0.00390625
0.00390625
0.00390625
0.00390625
0.00390625
0.00390625
0.00390625
0.00390625
0.00390625
0.00390625
0.00390625
0.00390625
0.00390625
0.00390625
0.00390625
0.00390625
0.00390625
0.00390625
0.00390625
0.00390625
0.00390625
0.00390625
0.00390625
0.00390625
0.00390625
0.00390625
0.00390625
0.00390625
0.00390625
0.00390625
0.00390625
0.00390625
0.00390625
0.00390625
0.00390625
0.00390625
0.00390625
0.00390625
0.00390625
0.00390625
0.00390625
0.00390625
0.00390625
0.00390625
0.00390625
0.00390625
0.00390625
0.00390625
0.00390625
0.00390625
0.00390625
0.00390625
0.00390625
0.00390625
0.00390625
0.00390625
0.00390625
0.00390625
0.00390625
0.00390625
0.00390625
0.00390625
0.00390625
0.00390625
0.00390625
0.00390625
0.00390625
0.00390625
0.00390625
0.00390625
0.00390625
0.00390625
0.00390625
0.00390625
0.00390625
0.00390625
0.00390625
0.00390625
0.00390625
0.00390625
0.00390625
4.61365870
-0.92332737
-1.17068275
-26.25081154
0.75546491
-1.50423235
1.47107864
0.64022220
-9.47353535
-7.55464103
-0.99998179
0.48014654
31.58604047
0.32262302
-1.10333061
0.86715919
-2.28566214
4.47787944
2.10979093
-0.54548737
-0.05616639
0.61219164
-0.05571727
1.73562492
-0.12637415
-1.34977833
-0.52284321
8.60310661
14.36762897
0.09833609
2.08702631
-4.05376707
-0.86622691
-0.82281517
-1.59347080
-1.24491492
-0.69971380
-29.63678722
-0.98358290
-3.19231236
-0.68536121
0.27784451
1.77559339
-3.15094350
0.68469978
7.33561337
-0.23380244
0.67979178
-0.73286931
-0.06017415
-2.76886578
-1.73014177
-0.02307520
-34.60233738
-1.10441500
0.29138701
0.35613688
2.96723585
0.28549769
-1.32045879
14.19961657
-0.18144951
13.49759533
8.51297768
0.40902164
0.03325114
0.94629113
1.29185024
0.88707979
-0.10126714
1.15213769
-0.20376291
0.77205773
0.81031458
-1.68143735
-1.28221384
4.27883758
0.43877190
-0.19265129
-4.14536829
-0.01078258
0.19525799
1.50923161
-110.16131163
-5.79351749
0.02120742
0.07839662
0.78676440
0.08491312
-1.89633039
0.40425935
0.08074626
-4.17225655
1.05998868
-0.22144034
3.18917837
-0.34259269
-1.30772005
-4.82970284
-0.02480960
2.71954680
1.05870470
-0.05610351
40.64648256
0.50752707
-0.66052793
31.12358141
3.37883317
-0.79722136
-0.08437682
0.15543322
-3.73680830
0.62799363
3.55810440
0.04796108
-0.94260747
0.31085933
-2.51853438
-1.44792729
-46.47670045
-11.45294023
-8.43464182
0.76348296
4.78789524
-25.04833120
0.53506535
-0.02331486
0.79537899
5.10539912
-0.56120641
-5.40632970
-6.22357839
4.12949635
-1.90878434
-0.12696672
1.36055546
-4.09932273
9.50771501
12.57710624
4.99130431
-0.40937051
0.56722664
0.07359843
-4.32731624
-12.62328055
-14.57870974
0.26707015
-0.16820222
1.21670040
19.21242317
0.31830700
0.21787034
1.07895093
-0.01361607
1.27999912
1.01262636
-0.04190746
-1.79116777
0.31057851
0.50264476
-1.63820069
-0.22767905
0.64050988
8.32219871
-0.28733259
-0.28904837
-48.94198782
15.23674063
-0.28731246
1.98977791
1.37653663
0.22533277
2.23986749
1.18555655
-0.20430168
-33.98393954
-0.22168978
3.50568425
19.05652195
16.30962224
-1.73147978
1.47781305
13.31106177
-0.78951097
2.11468392
-0.24581942
1.64036467
-1.78035939
-0.17628263
5.30985662
-1.42269813
1.17556580
-0.47442509
-2.38654742
1.98747896
-2.87236177
0.03578833
0.05807708
-2.67765735
-1.33160976
-0.25453433
2.42437572
-17.69966795
0.37917049
-14.56515680
-0.99360810
-264.21373274
-1.28843491
0.84305791
-1.36792180
0.99919175
0.17415538
1.76485751
0.27648445
-3.83346905
7.32670159
7.14306941
-0.20269516
-4.89886105
-10.02087740
-0.13571103
5.19802789
-1.40189688
17.54963029
-2.10079093
0.35041095
23.90137542
0.01393566
-0.16986807
2.69260715
4.51675548
0.99935706
1.49324693
0.13325871
0.42635419
0.09542386
-0.19102679
2.49453856
76.68460511
0.58895143
-3.98470107
-1.70556125
1.91658274
1.38204237
1.24632319
-0.16975288
-3.25208512
0.37928418
3.15272683
3.31597685
-1.81564852
1.60854563
0.63565216
0.80240701
-0.16774894
-0.70193560
-1.11664421
-6.04180053
-0.00046996
-40.99750131
-6.88539887
-3.85168059
0.84134803
-0.52144010
13.92593261
-0.24333543
0.10472018
0.87988421
152.92550443
1.38013072
-2.92408426
0.16502254
2.19849795
-20.80037689
0.59598527
-0.48803429
0.97673368
-1.01670186
0.03338544
6.61422534
2.44799421
-1.19057120
-0.85145469
1.29830935
-22.39917090
-0.35977728
8.40853865
-5.73945048
-0.19379442
0.21609777
-1.12729122
0.89240030
-2.28518144
-141.06402791
-0.07531884
-0.42379404
-21.05780761
2.22495857
-1.40383755
-8.85377441
0.47360491
-3.02676615
-0.34804977
2.51436551
1.11441223
0.61820784
1.62196302
-0.52956394
0.03154214
29.15631589
-1.70566787
0.02022677
0.01064504
2.08947632
-0.30929124
3.13641054
16.03786144
-0.52374088
-6.33591396
7.38396679
-0.06811795
-0.00989705
-2.71805726
-0.55286143
0.86796727
1.07731877
0.39095907
4.19203532
-1.15122034
-0.67957539
-2.14887194
1.35880343
0.10323686
0.07532958
-0.12655115
-0.61442644
-0.13660492
0.06955234
-0.18512269
57.37420573
-18.59725984
-0.39673677
0.22463523
0.76760553
-0.08988005
-1.38574986
5.57194084
0.20494950
1.87899825
0.22584423
-0.36005299
-1.13089719
0.61876627
3.52781671
-6.88749603
0.65483865
-1.63723269
6.80408668
-0.04494020
25.17012404
1.54829814
-0.11072051
-4.80566541
-9.63084187
0.87343548
-1.10130752
-0.05226962
-1.08448670
2.25745510
1.16978790
-0.26468238
-0.17300942
-0.55906618
0.97066756
-0.19166323
5.91693172
9.38242118
-8.16555966
0.00627835
-0.38090689
19.45362112
1.81807183
0.69165977
-6.17979326
16.28342494
0.20886808
-5.66264984
-6.47075883
0.07987291
-0.15992074
0.20127974
15.01369238
2.17850933
-11.28562848
-8.55858201
-33.44979153
-1.93953882
0.30753633
-0.38123272
0.22350969
4.76363845
-20.38674053
-0.03109939
0.46438950
-0.37750813
1.67727993
0.46650574
0.25438441
-10.64552168
0.62753587
7.62110807
-0.22393730
-1.51277257
0.57918638
-0.11377381
-1.41491642
0.13494719
-3.82741980
0.31612500
-1.97515235
-0.64343214
-0.52288222
-31.63690060
-41.78520065
0.00329833
-2.39487377
0.15961828
-0.47993268
4.32354859
28.03638940
-0.48870193
-8.76488087
0.81965006
9.69707200
-7.54851296
-7.99096124
-1.42112288
4.59303239
14.35586955
-0.49199892
5.52196817
-0.25290146
-0.44105281
-4.43113623
-0.02285732
3.91824074
0.58556350
-1.67072339
-0.01685984
-0.34935858
-0.67895148
2.04677146
0.13434855
0.01582148
0.87015050
5.32057011
0.41190532
2.23284293
3.00598784
0.08660056
5.66277151
-0.77361987
-15.33423918
-0.51872013
1.43114549
-2.78701791
-0.32460787
2.79856841
-6.84129005
-0.68842977
7.71040472
10.30932696
-2.17800941
0.14688903
-3.95165059
2.14923643
-9.71472774
2.69846288
-0.07852560
-9.90213342
-0.41173289
0.47340790
-2.72465224
-1.21354664
-0.10795737
6.63512907
2.41903708
0.69584647
3.50193435
0.85067619
1.08670182
0.00240986
-0.76597509
3.78562437
36.16469603
-0.93415564
-7.91882052
-0.10540509
0.84214645
-0.77817404
-0.35744264
0.48834813
8.30741002
0.00510720
4.91569270
-0.48621304
1.18816241
1.21294082
-2.78671710
-0.53404514
-0.09465409
0.50549550
-2.32505421
-1.82589079
0.48563365
30.53139527
4.28206204
-0.00379958
-0.96478682
1.43013666
-2.15855228
-0.84158552
0.53678495
0.12094880
51.25019868
-0.40582469
2.64016073
-0.34694764
-1.02739272
2.44815650
-0.17094309
1.87999512
-1.31365741
-0.95377311
0.34539173
-11.36653961
0.94955847
1.52536132
1.81276134
-3.89013986
7.40086487
-0.97262963
1.53685685
17.28489796
-1.97040652
0.43591253
-0.79020230
0.21932507
-1.20713714
-23.55291453
-0.70699895
1.38106427
-42.34347179
-0.58715425
-0.73649022
-13.95500502
0.27590829
-2.28306524
0.23118847
-1.81427515
-0.65555195
0.32912956
0.42326415
-0.32676566
0.07037942
151.31625885
0.47920782
-0.42918222
-1.37086458
-3.58984496
-0.49353364
4.37316714
10.24104074
0.12906883
-6.75071131
0.23703125
-0.21826377
0.19155417
-1.54938433
0.70612844
3.51132960
-0.04986473
0.06573571
0.78751006
6.02509017
0.03386235
1.59169052
0.82784104
-1.06912954
-0.43924444
0.30461779
-1.52684053
-0.04482913
-0.16832439
0.44897204
-39.44835866
10.87349141
-0.27088595
-0.58666479
0.83009714
-0.41515063
0.02361745
0.48716312
0.47494259
1.13380649
1.03441357
0.60419352
-1.98358213
-2.29511069
-0.04933733
11.90276970
-0.56219222
-3.34335279
-3.80628247
0.00677862
58.20514952
-0.50718989
-0.73447031
-3.33056793
-6.34005428
-0.13313795
-0.94068671
-0.16347182
6.41596418
-2.55800067
3.68586450
-0.08119923
-0.95124613
-1.01460511
-0.39159626
-0.98874489
-30.38542872
13.11225604
1.40192137
0.27285841
3.52505788
31.69679473
-0.23223834
-0.33116119
5.77013160
-20.18177041
-0.08857397
1.20981383
0.47408028
-0.77237812
-2.35977011
-0.53790972
-8.48475344
2.26204384
-5.19324520
0.73814373
3.47166335
-0.06711985
0.13503435
1.08592294
8.89185822
-12.37092841
74.90800431
0.82763560
0.84478067
0.98685110
-5.90887039
0.71620801
-0.59268461
5.88528051
0.01837354
-7.00391494
-3.91296730
2.01905533
-0.10518480
0.28560822
0.16251160
0.98718958
5.77496791
-0.44833625
9.56160211
1.01761053
0.24576660
-10.11525349
-11.91682497
-0.16000423
3.26193993
-0.23259058
-1.10771810
1.32440314
-29.08963994
0.23281019
-10.26627313
-0.76701886
3.05888899
-19.43248907
-12.15925353
4.08841546
-0.70608728
0.51929660
1.46432879
2.05515533
0.31466924
-2.11771646
-0.42530622
0.11555683
-2.66143170
-0.29363625
-1.95975786
0.16276949
0.40021603
1.33627242
1.13507771
0.09569834
-1.99943420
0.93809662
-8.32091270
-0.10512559
1.97307483
-0.53116065
0.09988204
3.75782259
-2.19976759
496.56502374
-1.51079190
-2.00652680
-1.42822093
-1.52769213
0.05555684
-19.32351658
0.04531043
-0.19695252
1.38454445
6.14766823
-0.24197797
1.62692188
-0.68576331
11.38071951
-13.48642814
1.37703505
26.38065747
-0.77682785
-0.77191516
19.45688739
2.86702549
-0.03205849
-1.44986778
-5.75963191
0.27114815
2.95854001
-0.51963912
0.76189114
0.11678318
0.21124297
5.42371688
-48.98078572
-3.18054453
-3.10044753
1.90323247
-3.85596311
0.59072962
0.33688984
-0.23220050
-10.73529184
0.23961202
-3.04066067
0.75063651
1.73543763
1.10443349
-2.50671920
1.19449867
-0.32584384
-0.24087236
0.02909845
-0.03446496
-0.16842739
-0.07238883
-0.03433025
0.01818250
-0.11193675
0.20592144
-0.08106496
0.02845098
-0.47533059
0.04611945
0.01731599
0.48368521
0.29699764
-0.27608864
-0.15857982
-0.03588784
-0.21030870
0.23073185
0.69159412
-0.09881862
-0.30776506
-0.03637980
-0.27701996
-0.46187399
0.21173785
0.02644706
0.07035425
0.18986634
0.35854626
0.11406121
-0.20623975
-0.11554408
-0.31977136
0.44038824
0.13569234
0.03526729
-0.30023597
-0.21411823
0.07639025
-0.18363243
0.29858223
-0.03622302
0.34370224
0.13691774
0.12741296
-0.30880013
-0.10346221
-0.17395578
-0.05399273
-0.25155921
0.18529370
0.00750539
0.13709190
-0.05219074
-0.02092627
0.25504043
0.14055076
-0.12113579
0.07359990
0.54260926
-0.07546592
0.19343674
0.31171513
-0.50754777
0.05579103
0.40675201
0.08249931
-0.58369354
0.05266222
-0.10164835
-0.21156937
-0.25746274
-0.23477416
0.18289730
-0.00433989
-0.07852849
-0.11272892
-0.02711688
-0.71395605
0.04596638
0.20177681
-0.03978098
-0.13755882
-0.32251225
-0.24041378
-0.21010341
0.14876814
0.03265318
0.29375756
0.26004709
-0.38303680
0.13256736
-0.14186562
0.04990618
-0.15456169
-0.12154285
0.15752658
0.18464891
0.35712048
0.02157822
-0.05527235
0.03779038
-0.18113503
-0.34677187
0.00540010
-0.02599017
0.14341696
0.25516734
0.31362279
0.19135083
0.34410810
-0.11460587
-0.38499760
0.14445724
-0.42385133
-0.04539197
-0.06530356
-0.05325980
-0.10865464
-0.04334916
0.08648086
-0.05245143
0.01749304
0.43483985
0.16271683
-0.12999273
0.08246849
-0.26765713
-0.12984665
-0.09992697
0.16414173
0.22958788
-0.26682070
0.06434834
-0.03337123
-0.15101288
0.10064509
-0.05558463
0.28533818
0.36268966
0.05281747
-0.02227727
-0.03067928
0.01637575
-0.27401772
0.13500323
0.07534095
0.24315939
0.43021387
-0.36282202
0.07543535
-0.54529314
-0.11671177
0.40563384
0.12395679
-0.30923373
0.65752890
-0.22069847
-0.21714287
0.00364613
-0.04187440
0.03953752
-0.23491984
0.55342172
0.01690307
-0.08891684
-0.44880892
-0.33419303
-0.14004164
0.08137568
0.11694553
-0.01996737
-0.19518676
0.10017019
-0.04336189
0.12431874
-0.00759014
-0.02091382
0.17331872
-0.11095105
0.01139820
0.13860106
0.18097346
-0.57741837
0.21547341
-0.16757465
-0.06883795
0.09519172
-0.49437549
0.01101242
0.18072124
0.22148761
-0.10686096
-0.33749090
0.03267371
0.30384507
0.19752543
0.07787136
0.04343179
-0.19043644
0.03123639
0.27258487
0.12227485
0.11799214
0.03339927
-0.27835786
0.03832051
0.15482182
0.30333910
0.20114870
-0.13327419
0.20231722
-0.15038388
0.05544238
-0.04923350
-0.23924873
0.09337015
0.04328234
0.13739919
-0.05788421
-0.33775613
0.10996694
-0.17897857
0.13564351
-0.09720469
-0.01776236
-0.12688350
0.09597149
0.23109340
-0.04951025
0.07818462
-0.29304418
0.55646264
-0.01208352
-0.27962949
-0.20811409
-0.04690252
-0.08685069
-0.21785110
0.08014855
0.01911192
-0.26413046
-0.12671817
-0.21322598
-0.11039920
-0.52177858
0.10695490
-0.11446783
0.01347270
0.20679539
-0.25395467
-0.13215792
0.34496761
-0.61218796
0.12980248
-0.40091626
0.23401185
0.08349138
-0.14739873
-0.04581001
-0.40096485
-0.36169244
-0.08425877
0.04168081
-0.28917026
-0.40299854
0.00564933
-0.20859204
-0.15955492
-0.17404963
0.11368086
0.16546019
0.23761301
0.05850839
0.07923108
0.39452609
-0.36903729
-0.06625727
0.12193838
0.15570627
0.01601595
-0.01022855
0.14806747
-0.11324043
-0.11478823
0.20216709
-0.46474906
-0.31414402
0.08303030
-0.30346482
0.18910652
-0.00337861
-0.06424482
-0.01327851
-0.11712126
-0.49252742
0.15974872
0.04383442
0.06164827
-0.13276999
0.02518070
-0.17901696
0.10725624
0.24619004
-0.08412825
0.29455784
0.34895478
-0.00778553
-0.19378397
0.07572163
-0.11286777
0.10746812
-0.15856996
-0.38876901
0.14667765
-0.21016717
0.02034530
-0.05318770
0.72693514
0.34549872
0.05150256
-0.33544576
0.22651652
-0.04479106
-0.71325789
-0.38504420
0.10492244
0.05219881
0.08569313
-0.00330581
-0.17257211
-0.28145753
0.12336139
-0.07046646
-0.33370782
0.08743201
-0.16781827
-0.01846441
0.14261286
0.20919216
-0.58341679
0.18929441
0.59447161
0.21278803
-0.08009284
-0.21264379
0.14162570
-0.05946076
0.37728154
0.17174748
-0.02936191
0.07168011
0.06896852
-0.25245142
0.12015864
0.11055036
0.41099298
-0.06747956
0.22691105
-0.32323153
-0.02633151
0.01518043
0.47791211
0.43652763
0.02608880
-0.08084168
-0.15264319
-0.29838093
0.23290032
0.01765352
0.31630086
0.09952505
0.15914512
0.02419843
0.08618004
-0.03975964
-0.23556312
-0.08683008
0.04759585
-0.33111353
-0.60767805
-0.13996105
-0.05887156
-0.01316736
-0.05363993
0.03077818
0.04854406
0.22830265
-0.08998573
-0.11845205
-0.13624198
-0.06173941
-0.07726481
-0.02213087
0.19546952
0.08589153
-0.20670661
0.18464348
0.14691776
-0.06378780
0.44809365
0.28098782
0.40005683
-0.05701599
-0.24971382
-0.08000590
-0.09943453
0.12761801
-0.15277900
0.05617407
0.27041859
0.01018146
0.32591499
0.22479090
0.11720259
0.19149288
0.21502247
-0.11216384
0.09087774
-0.54476760
-0.09486050
0.08081866
-0.32359300
-0.09549538
-0.12705770
-0.35183175
-0.12801445
-0.06642159
-0.59856315
-0.08633668
0.11157427
0.15112492
-0.08975672
-0.04049125
-0.12926630
-0.12267209
0.05939185
-0.00107520
-0.16355283
0.05587280
-0.32950148
0.15842187
-0.04333697
-0.00737692
-0.03570019
-0.16871592
-0.45765901
0.08039086
-0.43727331
-0.11713142
0.16896935
-0.28227248
-0.09216222
-0.09787758
-0.29524682
-0.24731092
-0.08708898
0.08094163
0.00768472
0.20661683
-0.02843677
-0.29975794
-0.05496825
0.24874811
0.24127520
-0.20037031
0.03571364
0.16846409
0.08043238
-0.01345817
-0.19795358
-0.69069472
0.33569504
0.19601584
-0.10872346
-0.13477406
0.10690009
0.06226588
-0.19742167
0.02985113
0.04591966
0.17620743
0.84634960
0.12621125
0.05392242
0.35245523
0.03541811
0.27684288
0.04951414
-0.16133032
-0.20169509
-0.29353350
0.01223441
0.12443044
0.02604477
0.15260467
-0.26815689
0.31210070
0.20433109
-0.07762271
0.09370739
0.52932389
0.12357681
0.50670510
-0.10292034
-0.28213501
0.06202756
0.26211293
-0.02407794
0.29170808
-0.07505192
-0.09856412
-0.15335221
-0.00449387
-0.27640294
0.14722544
-0.20688223
0.41535085
0.04098782
0.26170453
0.09405102
0.05759593
-0.03750252
-0.21871772
-0.05310876
-0.26129259
0.21959551
0.01564761
-0.11905980
-0.26627344
-0.08185219
0.26762595
0.06720839
-0.13697261
-0.31016658
-0.33289298
-0.07247701
0.06566461
-0.02209250
0.26876015
0.13336897
-0.00449424
-0.20430799
0.02634231
-0.08369599
-0.11354944
-0.29470097
0.01917360
0.27281787
-0.05429992
0.02617307
0.04934292
0.05044370
-0.07368623
0.31746703
-0.18710678
-0.18359606
0.10986082
-0.24423889
0.36088380
-0.03911077
0.02264406
0.00220817
0.00068491
0.07172681
-0.44314966
-0.25116522
0.00098394
0.37248214
-0.20462136
0.07640322
-0.17650193
-0.01037076
0.18651035
-0.37107975
0.38379326
-0.12143585
-0.06771289
0.08773071
0.22466531
0.00871833
0.24631877
-0.14005186
0.14874548
0.11897279
-0.56135267
0.16294967
-0.42951928
-0.10637629
-0.06634223
-0.14747495
0.31664999
-0.44235253
-0.00948249
-0.16907050
-0.40469705
0.19964655
0.25835903
-0.07328176
-0.43777030
0.07828432
-0.27398806
0.07401672
0.23794765
-0.29933508
-0.22646306
-0.05433633
0.12077457
0.23497543
0.05481083
-0.06432237
0.00643177
0.02881048
0.09472110
-0.07867321
0.11001167
0.07292190
0.06370274
0.61043949
-0.07818292
0.27866935
-0.10008507
0.23593392
0.20061939
0.46826664
0.10285046
-0.24247366
0.36264172
0.07973847
0.04762177
0.12624290
-0.15030806
-0.14704084
-0.34091549
-0.02188101
-0.00868804
-0.14567453
-0.02048092
-0.03124261
-0.10937786
0.14142758
0.04702087
0.02052146
-0.07389192
0.22610020
0.06578954
-0.17367195
-0.00163004
-0.03263906
-0.12331535
-0.02962142
0.31807221
-0.35045774
0.04869955
-0.12439690
0.03626057
0.13880818
0.26398384
-0.48638511
-0.07951287
-0.15226103
-0.34812014
0.19950895
0.30611939
-0.18824466
-0.25185865
0.28667896
-0.03701662
0.02107527
-0.41147858
-0.35951091
-0.05193606
-0.53545558
-0.01956299
0.16272117
-0.09175054
0.07194730
0.01711523
0.01283386
0.04517200
0.22778115
0.04804126
-0.16780470
-0.16801354
0.59306807
-0.08465262
-0.38481199
-0.07484357
-0.03282146
0.00775769
0.05591527
0.01400788
-0.04184725
-0.05427700
-0.09335941
0.02860106
-0.23950393
0.25342289
0.30755995
-0.28535037
-0.09195688
0.08641000
-0.40861891
0.20817516
0.36110768
0.11236447
0.30438241
-0.01459622
0.10081212
-0.21590008
-0.28451965
0.20617227
0.25453982
0.20937176
0.09889897
-0.31892981
0.01008686
0.12402650
-0.08512933
-0.11109540
-0.62504091
-0.01585164
0.00931253
0.50155818
0.15932254
0.14248145
-0.04313244
0.02853533
0.00493228
0.07656976
0.07735146
0.14571892
-0.16415048
0.03709218
-0.14169882
-0.35496870
0.09725003
-0.17094530
-0.19948982
-0.20725649
-0.11228012
0.10509454
-0.35495985
-0.40061471
0.07470640
0.20498214
0.18453802
-0.14964529
-0.00177944
-0.01918402
0.18255843
0.04072060
-0.06958413
0.20256812
-0.15517234
-0.66529188
0.02710936
-0.00592207
0.12508095
0.07264704
-0.41650366
0.22332877
-0.18230784
0.01708927
0.23102433
0.22342220
0.01000000
0.01000000
0.01000000
0.01000000
0.01000000
0.01000000
0.01000000
0.01000000
0.01000000
0.01000000
0.01000000
0.01000000
0.01000000
0.01000000
0.01000000
0.01000000
0.01000000
0.01000000
0.01000000
0.01000000
0.01000000
0.01000000
0.01000000
0.01000000
0.01000000
0.01000000
0.01000000
0.01000000
0.01000000
0.01000000
0.01000000
0.01000000
0.01000000
0.01000000
0.01000000
0.01000000
0.01000000
0.01000000
0.01000000
0.01000000
0.01000000
0.01000000
0.01000000
0.01000000
0.01000000
0.01000000
0.01000000
0.01000000
0.01000000
0.01000000
0.01000000
0.01000000
0.01000000
0.01000000
0.01000000
0.01000000
0.01000000
0.01000000
0.01000000
0.01000000
0.01000000
0.01000000
0.01000000
0.01000000
0.01000000
0.01000000
0.01000000
0.01000000
0.01000000
0.01000000
0.01000000
0.01000000
0.01000000
0.01000000
0.01000000
0.01000000
0.01000000
0.01000000
0.01000000
0.01000000
0.01000000
0.01000000
0.01000000
0.01000000
0.01000000
0.01000000
0.01000000
0.01000000
0.01000000
0.01000000
0.01000000
0.01000000
0.01000000
0.01000000
0.01000000
0.01000000
0.01000000
0.01000000
0.01000000
0.01000000
0.01000000
0.01000000
0.01000000
0.01000000
0.01000000
0.01000000
0.01000000
0.01000000
0.01000000
0.01000000
0.01000000
0.01000000
0.01000000
0.01000000
0.01000000
0.01000000
0.01000000
0.01000000
0.01000000
0.01000000
0.01000000
0.01000000
0.01000000
0.01000000
0.01000000
0.01000000
0.01000000
0.01000000
0.01000000
0.01000000
0.01000000
0.01000000
0.01000000
0.01000000
0.01000000
0.01000000
0.01000000
0.01000000
0.01000000
0.01000000
0.01000000
0.01000000
0.01000000
0.01000000
0.01000000
0.01000000
0.01000000
0.01000000
0.01000000
0.01000000
0.01000000
0.01000000
0.01000000
0.01000000
0.01000000
0.01000000
0.01000000
0.01000000
0.01000000
0.01000000
0.01000000
0.01000000
0.01000000
0.01000000
0.01000000
0.01000000
0.01000000
0.01000000
0.01000000
0.01000000
0.01000000
0.01000000
0.01000000
0.01000000
0.01000000
0.01000000
0.01000000
0.01000000
0.01000000
0.01000000
0.01000000
0.01000000
0.01000000
0.01000000
0.01000000
0.01000000
0.01000000
0.01000000
0.01000000
0.01000000
0.01000000
0.01000000
0.01000000
0.01000000
0.01000000
0.01000000
0.01000000
0.01000000
0.01000000
0.01000000
0.01000000
0.01000000
0.01000000
0.01000000
0.01000000
0.01000000
0.01000000
0.01000000
0.01000000
0.01000000
0.01000000
0.01000000
0.01000000
0.01000000
0.01000000
0.01000000
0.01000000
0.01000000
0.01000000
0.01000000
0.01000000
0.01000000
0.01000000
0.01000000
0.01000000
0.01000000
0.01000000
0.01000000
0.01000000
0.01000000
0.01000000
0.01000000
0.01000000
0.01000000
0.01000000
0.01000000
0.01000000
0.01000000
0.01000000
0.01000000
0.01000000
0.01000000
0.01000000
0.01000000
0.01000000
0.01000000
0.01000000
0.01000000
0.01000000
0.01000000
0.01000000
0.01000000
0.01000000
0.01000000
0.01000000
0.01000000
