512  0  512
0.00195222
0.00195222
0.00195222
0.00195222
0.00195222
0.00195222
0.00195222
0.00195222
0.00195222
0.00195222
0.00195222
0.00195222
0.00195222
0.00195222
0.00195222
0.00195222
0.00195222
0.00195222
0.00195222
0.00195222
0.00195222
0.00195222
0.00195222
0.00195222
0.00195222
0.00195222
0.00195222
0.00195222
0.00195222
0.00195222
0.00195222
0.00195222
0.00195222
0.00195222
0.00195222
0.00195222
0.00195222
0.00195222
0.00195222
0.00195222
0.00195222
0.00195222
0.00195222
0.00195222
0.00195222
0.00195222
0.00195222
0.00195222
0.00195222
0.00195222
0.00195222
0.00195222
0.00195222
0.00195222
0.00195222
0.00195222
0.00195222
0.00195222
0.00195222
0.00195222
0.00195222
0.00195222
0.00195222
0.00195222
0.00195222
0.00195222
0.00195222
0.00195222
0.00195222
0.00195222
0.00195222
0.00195222
0.00195222
0.00195222
0.00195222
0.00195222
0.00195222
0.00195222
0.00195222
0.00195222
0.00195222
0.00195222
0.00195222
0.00195222
0.00195222
0.00195222
0.00195222
0.00195222
0.00195222
0.00195222
0.00195222
0.00195222
0.00195222
0.00195222
0.00195222
0.00195222
0.00195222
0.00195222
0.00195222
0.00195222
0.00195222
0.00195222
0.00195222
0.00195222
0.00195222
0.00195222
0.00195222
0.00195222
0.00195222
0.00195222
0.00195222
0.00195222
0.00195222
0.00195222
0.00195222
0.00195222
0.00195222
0.00195222
0.00195222
0.00195222
0.00195222
0.00195222
0.00195222
0.00195222
0.00195222
0.00195222
0.00195222
0.00195222
0.00195222
0.00195222
0.00195222
0.00195222
0.00195222
0.00195222
0.00195222
0.00195222
0.00195222
0.00195222
0.00195222
0.00195222
0.00195222
0.00195222
0.00195222
0.00195222
0.00195222
0.00195222
0.00195222
0.00195222
0.00195222
0.00195222
0.00195222
0.00195222
0.00195222
0.00195222
0.00195222
0.00195222
0.00195222
0.00195222
0.00195222
0.00195222
0.00195222
0.00195222
0.00195222
0.00195222
0.00195222
0.00195222
0.00195222
0.00195222
0.00195222
0.00195222
0.00195222
0.00195222
0.00195222
0.00195222
0.00195222
0.00195222
0.00195222
0.00195222
0.00195222
0.00195222
0.00195222
0.00195222
0.00195222
0.00195222
0.00195222
0.00195222
0.00195222
0.00195222
0.00195222
0.00195222
0.00195222
0.00195222
0.00195222
0.00195222
0.00195222
0.00195222
0.00195222
0.00195222
0.00195222
0.00195222
0.00195222
0.00195222
0.00195222
0.00195222
0.00195222
0.00195222
0.00195222
0.00195222
0.00195222
0.00195222
0.00195222
0.00195222
0.00195222
0.00195222
0.00195222
0.00195222
0.00195222
0.00195222
0.00195222
0.00195222
0.00195222
0.00195222
0.00195222
0.00195222
0.00195222
0.00195222
0.00195222
0.00195222
0.00195222
0.00195222
0.00195222
0.00195222
0.00195222
0.00195222
0.00195222
0.00195222
0.00195222
0.00195222
0.00195222
0.00195222
0.00195222
0.00195222
0.00195222
0.00195222
0.00195222
0.00195222
0.00195222
0.00195222
0.00195222
0.00195222
0.00195222
0.00195222
0.00195222
0.00195222
0.00195222
0.00195222
0.00195222
0.00195222
0.00195222
0.00195222
0.00195222
0.00195222
0.00195222
0.00195222
0.00195222
0.00195222
0.00195222
0.00195222
0.00195222
0.00195222
0.00195222
0.00195222
0.00195222
0.00195222
0.00195222
0.00195222
0.00195222
0.00195222
0.00195222
0.00195222
0.00195222
0.00195222
0.00195222
0.00195222
0.00195222
0.00195222
0.00195222
0.00195222
0.00195222
0.00195222
0.00195222
0.00195222
0.00195222
0.00195222
0.00195222
0.00195222
0.00195222
0.00195222
0.00195222
0.00195222
0.00195222
0.00195222
0.00195222
0.00195222
0.00195222
0.00195222
0.00195222
0.00195222
0.00195222
0.00195222
0.00195222
0.00195222
0.00195222
0.00195222
0.00195222
0.00195222
0.00195222
0.00195222
0.00195222
0.00195222
0.00195222
0.00195222
0.00195222
0.00195222
0.00195222
0.00195222
0.00195222
0.00195222
0.00195222
0.00195222
0.00195222
0.00195222
0.00195222
0.00195222
0.00195222
0.00195222
0.00195222
0.00195222
0.00195222
0.00195222
0.00195222
0.00195222
0.00195222
0.00195222
0.00195222
0.00195222
0.00195222
0.00195222
0.00195222
0.00195222
0.00195222
0.00195222
0.00195222
0.00195222
0.00195222
0.00195222
0.00195222
0.00195222
0.00195222
0.00195222
0.00195222
0.00195222
0.00195222
0.00195222
0.00195222
0.00195222
0.00195222
0.00195222
0.00195222
0.00195222
0.00195222
0.00195222
0.00195222
0.00195222
0.00195222
0.00195222
0.00195222
0.00195222
0.00195222
0.00195222
0.00195222
0.00195222
0.00195222
0.00195222
0.00195222
0.00195222
0.00195222
0.00195222
0.00195222
0.00195222
0.00195222
0.00195222
0.00195222
0.00195222
0.00195222
0.00195222
0.00195222
0.00195222
0.00195222
0.00195222
0.00195222
0.00195222
0.00195222
0.00195222
0.00195222
0.00195222
0.00195222
0.00195222
0.00195222
0.00195222
0.00195222
0.00195222
0.00195222
0.00195222
0.00195222
0.00195222
0.00195222
0.00195222
0.00195222
0.00195222
0.00195222
0.00195222
0.00195222
0.00195222
0.00195222
0.00195222
0.00195222
0.00195222
0.00195222
0.00195222
0.00195222
0.00195222
0.00195222
0.00195222
0.00195222
0.00195222
0.00195222
0.00195222
0.00195222
0.00195222
0.00195222
0.00195222
0.00195222
0.00195222
0.00195222
0.00195222
0.00195222
0.00195222
0.00195222
0.00195222
0.00195222
0.00195222
0.00195222
0.00195222
0.00195222
0.00195222
0.00195222
0.00195222
0.00195222
0.00195222
0.00195222
0.00195222
0.00195222
0.00195222
0.00195222
0.00195222
0.00195222
0.00195222
0.00195222
0.00195222
0.00195222
0.00195222
0.00195222
0.00195222
0.00195222
0.00195222
0.00195222
0.00195222
0.00195222
0.00195222
0.00195222
0.00195222
0.00195222
0.00195222
0.00195222
0.00195222
0.00195222
0.00195222
0.00195222
0.00195222
0.00195222
0.00195222
0.00195222
0.00195222
0.00195222
0.00195222
0.00195222
0.00195222
0.00195222
0.00195222
0.00195222
0.00195222
0.00195222
0.00195222
0.00195222
0.00195222
0.00195222
0.00195222
0.00195222
0.00195222
0.00195222
0.00195222
0.17664384
0.87898097
-14.44645988
0.40124251
-6.48793402
-2.16673933
-0.59154726
0.64601313
-0.93203890
1.07344881
0.43643431
-0.89167559
-12.32304164
-1.57280518
-7.35353401
5.04182308
-3.80425916
0.17308794
-0.02877337
0.00017775
0.06647938
1.74497907
2.04274888
-0.50530146
0.50698092
-3.81232894
0.12454636
0.63195381
-4.97878462
8.38466910
-0.57985506
-2.60541526
0.22130486
-12.30014856
1.76219570
-3.55913019
0.90097201
-4.97561668
32.71722354
1.15540119
0.13887453
-1.13840380
-81.27106587
-0.82943474
-0.59550212
-0.43311102
1.07743458
-0.18572314
-7.32263354
-7.74912440
-0.08617765
-0.00252083
-53.79313975
-0.14064519
40.42641074
-1.05392072
-0.07987352
1.55814293
-0.61292049
2.81209780
78.56895638
-0.19097180
3.93178100
2.04022992
-0.11163144
-1.41706003
-0.24634938
-2.45154259
0.48121887
1.18422437
-0.04403106
-0.19425910
0.73873675
-1.33964140
-2.88289193
-3.77718959
1.68954326
0.63222627
-7.04284777
1.57372483
0.20361894
7.65860560
-0.99394485
-0.78819453
4.33382544
-0.18853907
-1.24105980
-1.78039563
0.03076539
1.89755906
1.86567749
4.32732808
-3.73242884
-4.68649367
-9.18501134
2.23030139
-6.77928173
0.13745261
-8.56734001
0.30668011
3.84365054
-4.19213901
-0.12101701
0.08503831
2.72072541
7.89067252
-0.66801459
1.65072847
0.57173683
0.33523599
0.09426724
0.40832953
0.25328314
1.44082554
-0.85472985
0.01510976
0.02785745
-4.78471865
-2.89089871
-3.11535395
3.19628262
-0.11076732
-6.02306907
0.63501504
-21.93207536
1.97028790
13.93954842
0.33095441
11.92204405
-0.65141182
6.58253897
3.85682330
1.22869765
0.10872712
-3.77356816
0.81177838
267.22926829
0.13220076
-1.46173387
-0.75036828
37.11925867
0.07426779
2.10426134
2.16035440
-18.07733159
-1.24844802
-1.80242474
0.67034703
1.04229285
-2.29416018
-5.32478302
0.41269305
-0.29589821
-0.30430528
2.53454499
-0.22685145
0.62349902
-0.72481054
-0.48064127
-0.80866782
-0.04550312
-0.09022749
-9.37933028
-3.04624538
-0.54088628
2.10467553
0.98680586
1.76567316
-0.15240666
-5.71360141
-0.47561567
0.86196638
-0.39293386
0.38076317
-0.01034715
-3.59601999
-0.09503338
-2.24964693
0.08951421
1.14059431
2.52038803
-0.07778903
0.14202701
-0.72236409
1.54158724
8.66656432
12.38241436
0.29972033
-0.06906919
-0.01225709
0.32370493
-0.22427968
0.53593109
4.53506951
-0.79035953
-0.26262902
-2.00824257
-1.18603511
0.70292660
-0.30886942
1.16714850
0.12880130
1.06390848
0.55611156
0.70879810
-0.33996947
26.93509212
-1.00847862
-0.96124224
-0.82760756
-2.23849214
-0.17912231
0.03093280
1.10166236
-0.39301192
2.18233344
4.11892677
1.33421911
-2.83509716
0.43245939
2.02678491
4.91674750
-0.01755389
-1.47621434
-0.74777349
1.96270580
-0.52835540
-0.10069477
-1.18250486
-0.06939876
-0.49617668
2.45540212
2.79502168
0.07170392
-0.44249690
0.04377592
0.20515025
-2.87868587
0.46996318
-1.53833201
-2.14531886
-0.29833425
0.01483453
59.10679457
0.42820107
0.41443621
1.42003708
0.95952523
0.45040427
0.08030471
0.01769135
1.16503453
-21.93669585
0.01214368
-0.24059077
0.40913733
0.00449749
0.69123498
-0.32212681
-0.59861852
0.18789930
0.01797822
0.06591173
-1.49106295
-0.18495491
17.00919105
17.65902468
-0.33324052
-3.70313599
-1.85948699
-0.16223910
0.50109099
0.73609639
0.48123861
5.04351202
5.86862914
1.17700715
5.46383015
2.18600147
-1.44338452
-0.29904218
-0.09368076
-3.45086197
10.22232752
0.05470326
6.80093311
-11.93826510
0.26405927
0.64564945
0.32799834
1.01240333
-1.85258084
1.07375122
5.72965893
-0.47161483
-1.05457008
1.58103592
0.28043587
0.03443426
1.52050101
2.14993066
0.07025890
1.26091796
1.01889652
0.01020566
0.06281513
5.38695277
-3.73038772
0.43332637
1.00688204
-0.20499544
-0.89170941
-0.10294615
-0.16846330
2.85160235
0.41475518
0.35558613
-3.86488438
0.31458698
-0.89353715
-0.16757573
57.75861763
-0.01342227
2.38395090
4.94081123
11.08106166
-4.49915493
0.46981089
0.02143183
-2.42634529
-2.72986654
-14.47180392
19.70273164
-0.25244805
-0.99576591
-0.51358667
0.72891497
1.55406834
1.16958798
-2.52315401
4.93529406
8.72150823
-1.95212998
1.30347373
-1.06827855
1.75148403
-0.47885266
-0.71700585
-0.22259120
0.17012951
0.45616542
0.63919694
-39.88368195
-4.75641387
-0.20329890
7.95246842
1.18509918
0.58375053
18.45396127
-0.36922216
1.13033392
2.70468969
-2.57818947
-0.56430553
-1.94477591
24.00441759
0.54880097
0.66972655
0.42493773
-3.26758584
-0.16631930
-0.94579116
1.04023833
18.94215130
0.02554761
1.49110296
-5.04457385
-0.00820251
-0.33191979
-18.22718352
-333.95294439
-0.33538743
-0.13849893
2.64656534
3.48944573
0.17216819
0.33253046
0.28540853
-3.91597571
-1.74345480
-0.01141808
-0.13361530
-1.07282741
-0.40121605
-0.30899136
1.33030132
4.55778332
-0.04607017
-0.72044992
-0.90731945
0.32701726
0.28513966
0.35862660
-2.42372786
-0.96417943
-3.83450014
1.03558325
-3.47059362
-0.21930630
-0.07193550
0.49706965
1.91469692
5.40351569
-1.26457950
0.56296815
4.13584841
0.32208537
5.81055238
0.36149617
-0.49479291
30.90141202
2.13432716
-9.50201832
3.88919392
-2.36319061
0.16448221
0.53957134
-0.20334194
-0.10102150
2.90452624
5.35175681
0.14130163
10.43437840
1.08272334
0.37208391
-388.53293806
6.01079143
0.13349606
-0.42112300
-0.43560418
5.02152358
0.41313698
-4.36550279
0.31914001
-0.03112256
-4.40201689
31.91442205
0.71486633
-0.06713627
-1.50431262
-1.66539991
0.51826214
-0.80696073
2.23229648
-1.51089277
-0.39987809
1.20909095
1.97883886
0.80841340
-2.60769726
1.65472799
-1.29086734
-0.07045725
0.60367615
-2.57810191
4.19752086
0.35398090
-0.32842531
0.53940859
0.39477567
-0.50944792
-0.58074977
1.44880522
-0.20238560
-1.22659691
2.57566350
2.17581898
-0.26604799
38.58284494
-2.24172682
-9.06282039
-5.14925428
-0.16259149
0.08105648
-1.65864447
-0.52117979
0.09447339
0.23282612
2.11671708
-2.44779551
-3.10015027
7.33911619
-0.89915799
0.03389256
2.58924297
-1.34421428
1.10393426
4.21171574
-6.55338483
0.71885783
-2.92341545
-1.16272923
-107.08259632
0.44786529
0.51533279
-23.03349445
1.43244497
-3.36944723
-3.51202270
-0.13064628
-1.31902047
-0.14193985
1.39920748
-0.07309850
0.61105533
-0.16507592
2.38751638
0.15299960
0.82992032
2.14129143
-1.26222258
-0.10157544
0.20352376
-8.08714686
42.89979214
1.37317878
2.02138824
3.59387915
-39.81982299
0.47515503
-0.14294784
0.26995080
0.44590596
1.86323903
-0.93359909
0.00740852
-0.20856923
1.36958378
-0.65324795
-0.21310720
0.80482376
5.06207521
1.72322582
13.23007869
-1.01972995
-5.64909935
-0.22594100
3.18252065
0.93473610
-0.72677180
-14.68747662
1.47647406
-0.03230201
0.78581548
22.27187416
0.42559803
2.81192324
-2.90457180
-0.30060875
3.22819894
48.85986921
-2.87072722
-0.05152784
-0.03084782
18.18906170
-1.19954614
81.94695142
-2.27166633
-0.28705845
0.45197196
-1.87837349
-1.67291026
83.34504848
-0.29680412
-0.72513658
-4.25228147
-0.23093119
0.68321648
-0.05509983
-1.14609526
-1.76625222
6.83005689
0.59042264
-0.30247589
0.36361527
-1.06077491
3.17892504
5.88175147
2.08762714
-3.96419086
0.70810723
0.25276774
0.98795463
4.15728225
0.80760513
-2.13979160
-2.59701690
-1.84333649
-1.21007449
-0.63484131
-0.07812495
0.36974662
1.78889228
-4.15331231
-1.63075898
-2.07032189
7.15776972
2.49889356
-1.58045887
0.07754849
-24.05100677
-1.37250277
9.36364153
-1.90690024
-0.03286284
-1.11922371
2.27558303
-7.14117911
-1.54147268
1.04037032
-0.03438829
0.09558670
0.13988359
-0.57969357
-0.49023082
5.34279287
5.48140270
-0.81150930
0.46419066
1.85914577
3.08201805
0.25586357
-2.40519351
-1.54397006
-3.03203866
1.58060033
2.48049572
-5.96957171
-0.19261542
0.90859020
3.32510790
0.66300475
11.13179070
2.99618260
-0.14711519
-1.20786456
2.55981322
1.88213344
214.35956411
-0.09334966
0.19380831
0.41432865
-1.56617655
0.14709014
17.19610635
0.55206537
13.52331203
-0.17437958
0.95832935
0.23266709
2.76284930
-15.01309865
1.44663969
0.22717073
0.09955867
-0.32470039
-0.73823292
-0.24459868
0.05415542
0.28758883
1.67177412
-0.20641543
-0.63764598
-0.37126097
-3.42031472
5.36040543
0.02150944
0.84981544
-0.22835446
3.47342068
0.53515637
-1.36111649
-0.33711221
-1.76758023
1.37643517
0.03215134
-1.92811332
-0.52997016
-0.06384908
-5.18436166
0.00512691
0.82667706
-10.89468417
-0.29069981
-0.18921639
12.46129853
-0.81616132
-3.25349961
-19.91218567
-4.26272302
0.75475877
0.08685559
0.54971735
0.24342432
-27.75336174
-6.55820060
-2.57047690
2.60629130
2.58278719
0.72099319
0.29774479
-0.00545893
-0.12028098
-0.46920389
0.04633555
-1.45389871
3.39636305
0.33101673
-27.67880796
-2.39413978
0.00424677
3.47420824
0.74567131
-0.48939443
-0.02379764
1.08816084
-2.03687661
1.68879999
0.01709299
14.68299189
-1.64349797
0.08399448
0.60835378
1.31576021
-0.15564227
-0.04459211
0.37519806
0.70704180
-1.58505348
-0.31301144
-0.71463939
0.08457004
0.69057480
0.80888050
-2.30392733
-0.29826327
-0.38540374
0.34116544
2.77791889
-1.51007040
0.07376476
-2.18978640
1.12801622
0.69976734
-0.05522247
-19.07752915
4.45266227
-1.10256178
0.15508160
0.08311125
0.09464191
-0.66648299
0.30310605
-0.54186035
-14.27918791
-0.23864067
-0.69994245
-0.27991208
-0.18164100
-1.82309657
0.25070499
-0.55626442
0.30811094
0.80893506
2.26864641
5.46097367
0.29198119
-6.83967447
-1.78063378
-0.10512045
-8.03399317
-1.33096721
-0.21042497
0.46918203
-1.34192459
-1.96447358
9.03628236
22.03312525
-0.66382380
4.91870306
1.94010975
0.49856031
-0.29854509
-0.01271021
-3.15475985
-2.38089328
0.07042456
-11.94357008
-6.71740280
-0.25573892
0.17844437
0.09862533
1.70943006
-1.68092836
5.75676298
-0.94978408
-3.70715092
-2.89956967
0.67384604
1.35555231
-0.05925946
-0.17097686
-2.80082031
-0.03162817
-0.35061227
-0.81562986
-0.00663132
-0.08674153
-6.90867428
-0.18585157
0.12537124
0.25645034
-0.53497521
-1.46981326
0.02298877
-0.19554931
2.09095218
2.18998496
1.44762539
-2.76781825
0.69515671
-3.59427935
1.06469131
52.58449747
0.53855036
0.86221606
4.18334487
-1.22266284
-9.81754643
-0.84211733
0.40283903
-1.31691449
5.13357334
-30.28221267
-18.62980365
-0.53948613
-0.14638319
1.72755610
0.18087178
0.78118202
-0.16557594
2.70435874
-6.77422793
-1.42662359
1.48821183
0.11868350
4.32369526
-3.16879672
0.27289461
0.77340821
-0.24029596
-0.90646285
-0.37049878
-0.02273563
-34.63085035
0.11006203
-0.59879220
9.98590309
-4.60696346
0.14060051
-5.95089642
0.08346166
1.45284877
-13.38297084
-0.64848480
-0.10093711
3.86430410
56.05185281
-0.35221078
0.32086061
0.86484304
-4.17191111
0.73442200
-0.39173118
1.29716429
-6.79416133
-1.03575689
0.39124313
1.57976651
0.31441825
-0.66755469
-2.17979430
446.35711425
-0.18880851
0.66853344
1.28842538
-1.15368892
-0.91659258
-0.08737939
0.49846237
0.57500651
12.26563354
0.53494526
-0.59175600
0.29548440
-0.22588963
-0.99191930
-1.47522631
1.28536585
-0.30339968
0.54217523
-0.65206945
-0.78050251
0.36407531
-0.37544705
0.47873256
0.45229691
0.25447770
0.03728265
4.32850343
-0.52430678
-0.02460829
-1.47154514
-0.49416636
3.48851688
0.07700484
0.62197129
-4.47747079
-0.57520482
7.42530037
-5.91270829
1.58124731
12.54158214
1.67493592
3.55344164
16.39626917
-14.35540692
-8.03084381
-0.58577449
-5.97030665
0.28762261
-4.55137885
-5.73795127
-0.94917467
18.60916091
-1.36357009
2.19571910
200.91333961
6.12235210
-0.07341578
1.13514976
0.57584945
-5.89104087
-0.30623217
-0.87576268
-1.19823999
-0.46677267
-6.68747089
17.36606125
-3.35613309
0.06069990
0.48542421
-1.18788392
-0.03051404
-1.07294499
2.55433839
2.14171953
0.85973978
-1.05933951
-1.94465702
0.43297372
1.97404870
-0.16119453
-1.89289567
0.16250046
-0.16356829
1.52946409
-0.72958302
1.35440585
-0.30725382
0.49057353
0.59057417
-1.54607422
6.01256986
3.94634630
-0.04954907
1.31562675
1.28962819
-11.01471459
0.44352962
8.62439123
0.47576311
-1.85056419
-2.53395132
-1.55357491
0.61622326
1.42567827
-2.07456837
-0.30330180
0.44172555
-13.63312998
0.67140330
-1.99330296
-28.73780133
0.21770341
0.07896882
1.41413718
2.11467549
-0.66754987
13.30633128
-3.73851105
0.77277094
-4.22062305
1.35965839
45.97082786
1.04932215
-2.38959569
0.78230399
-9.31720757
1.61702873
-0.46444889
-1.98013361
1.13214386
0.27371822
-1.23878047
-0.09626526
-0.98930926
0.53506998
3.52176878
-5.48348247
-0.92209863
2.53773001
0.44499205
-0.73104073
0.34134211
5.87783630
-13.50327556
-0.18718426
-10.09920004
-1.43960224
-107.32280437
1.29275713
0.13965389
-0.09197011
-1.47335082
0.45127781
0.02332853
-0.53033884
0.46164219
0.92870826
-0.09813857
0.67411127
-1.86711737
3.33380936
0.20642469
-4.81369498
1.44422934
9.84838274
1.24445149
2.32866992
0.42382941
-2.07222687
-9.08904310
-0.33733318
-0.03714046
1.24447465
21.58662737
1.12954287
-2.21587429
0.88755937
0.20310629
-0.72947619
10.88891242
0.47960854
0.08193657
-0.09219368
39.21253829
0.55907902
39.01138439
-1.49544378
0.54971269
-2.02045874
1.84987877
-1.29960103
-26.06577539
-0.22706248
-3.11929643
8.35879755
0.00853289
-1.77153045
-0.20075965
-0.42498010
-0.63159341
-4.37515772
-0.16142555
0.66018836
-0.52845886
1.70055771
-0.07710041
-0.82809250
-1.64692285
8.25351460
-1.98775770
-3.68508973
-2.89579490
2.30263189
0.15376832
2.49631667
0.46565372
0.90141018
-0.78820072
-0.76371026
-0.12861150
0.47778853
-6.47821380
0.74820575
1.48860052
-1.07546663
1.27867387
1.07921864
-0.36106414
0.18470566
0.68569089
0.33077008
-9.41224865
1.27783033
0.15603630
1.27002016
2.55633170
15.07678301
-1.31386506
0.58768816
1.06648757
-0.10076088
0.28774877
0.76784509
-0.65945805
-4.94509323
-0.49222236
-0.26176670
-0.15145832
-3.64105150
-1.34492501
0.04390432
0.32058772
1.52081559
0.84747764
2.27521448
4.39093176
0.37062034
-21.43212552
0.51543009
6.69661061
0.37737133
10.60433346
-0.14585608
-0.10521857
4.47054955
-6.01945924
-2.52246581
-465.40278042
0.14416585
0.33659566
-0.18495408
-26.10327327
0.24156883
6.40815858
-0.66760564
-3.56670157
-0.52679955
-1.90300961
0.00023188
-2.21755085
2.29458176
-4.37773187
-0.46436105
-0.05110328
-0.36958680
1.05667634
-0.03207125
-0.04974488
-0.03400652
2.45604320
-0.48762957
-2.43443368
0.49304904
-16.70476512
-6.22044200
2.11512123
3.07077053
0.03184010
3.06713495
0.16585574
6.04643508
-0.03827664
1.61643375
-0.37575576
-0.28832972
1.22783302
-7.86602302
-0.15306336
-8.06831970
-0.04794512
-0.71267232
-5.58570315
-0.79473303
0.22832549
-4.13199302
-2.59602696
-1.93415354
12.78146684
2.59356268
-1.04311760
0.06276966
0.05643416
-0.58227754
2.94478205
-0.05572960
-1.21961066
2.45865995
-1.17153160
1.45164907
-0.74672254
-0.25470810
-1.75245718
0.09303061
-1.28383647
0.86544566
-3.38513359
-0.51843265
28.23505190
1.51680535
0.72482567
1.35684747
-10.06563779
0.54794728
0.00578581
1.84906601
-0.56982514
-0.94906581
1.02209150
-6.00776869
2.89771032
-0.32382207
-0.25859669
4.63613661
0.07898268
-2.46122312
-0.33515323
0.72363415
-0.37857275
0.94153182
0.81458859
-0.01418849
0.11324850
3.14149517
-3.05233636
0.73120586
-1.30756699
-0.08648349
1.55248002
0.08432796
-0.64418944
-0.78735470
-0.96544488
1.59818324
-0.04504097
-35.84943615
-3.98757648
-0.19841561
0.10921060
3.82234213
-0.62123030
0.47697240
-0.03455229
1.02606370
-12.94112720
-0.00254428
-0.31797961
-0.22242486
-0.48363116
-1.26944391
-0.52560017
0.48765104
0.78418630
0.40490800
0.85972386
2.38363866
-1.59322349
30.03399047
3.12059851
0.17441435
-3.32418324
0.51073613
-0.06283242
-0.79949255
1.05942943
0.09509650
-7.75292522
-21.41671563
-0.78377977
2.13039782
2.50351022
-5.35933915
-0.38421529
0.40125713
-2.25860391
1.86552534
0.29715952
3.96865633
15.58600800
-0.25705202
0.62401157
0.01893395
0.90755485
-0.26836546
-9.71991868
-0.68260786
0.16199540
-2.51952815
-1.75212119
4.11216605
1.09321990
0.89119134
3.47788115
0.04642641
-0.41793008
0.47123924
0.04549783
0.50118133
-0.25361363
-2.56869791
-0.26549123
0.21984311
0.70444046
-1.40725074
-0.11977780
-1.21530574
-0.26148685
7.51473607
-1.00825273
1.93552688
1.32360382
-2.43452445
0.03486787
3.24272323
0.42001895
1.77994652
6.64710702
2.16386186
0.87547768
-1.78137330
0.63111281
-3.78715781
-2.55999896
39.73264178
40.60270447
0.05103815
0.21393718
0.57880138
0.34489950
2.93071844
2.41586215
-1.96303846
2.22316926
-5.59117969
-0.05757890
-0.05347966
-0.83131075
0.57790735
0.20509118
-0.35589973
0.45635319
-8.87486078
-1.36735444
0.92162264
20.12661572
3.24656711
1.09232576
-1.99258280
3.15467053
-0.54460648
-11.46722110
-0.07614448
0.04606700
-11.39452012
-0.17944591
0.23605388
1.46787055
-6.31475686
-0.09561695
-0.56571758
1.28299693
-5.95093006
-0.18707132
-0.87108017
-3.35273339
2.17228223
-1.29416789
-1.41924631
-1.29210530
-0.37698422
1.92006776
-13.65493800
800.51844697
0.13433980
0.15450242
-0.41495223
-2.12651117
0.24078538
-0.81568079
0.37730387
-5.51958019
-1.73481358
0.08185328
2.96855676
0.59462041
0.33027096
-1.15389456
1.59012891
-0.18915168
0.34434458
-0.76910489
-0.17017033
0.01962890
0.64643348
1.52794653
-0.93111148
-0.08366716
-0.66936960
-2.10035570
1.01271359
-1.64630339
1.00065072
0.01471244
-3.08535505
-3.55205066
1.90385371
0.36112469
2.12090721
1.55090987
-4.99167960
-10.11706323
-0.03128300
-3.51573925
6.10828326
8.71068631
-3.08055119
-5.49938257
14.42441888
1.21862165
4.06671856
0.12694205
6.46602431
4.77369046
-0.16990643
63.98746604
0.22861765
-0.39003741
327.47484575
-12.72410602
0.01052418
0.17263650
0.24034428
6.37803586
-0.92876086
5.60726011
2.93631046
0.72913633
1.73315832
-15.82449299
-0.36493524
-0.34982856
-0.65874327
-1.06682309
1.88782126
-0.07580169
5.11607762
-5.63977684
-0.67898097
-1.05918219
0.44020763
-0.44414890
-0.72175638
-0.76612269
-0.59912532
-0.20338830
0.54764232
1.61785073
3.87111811
-0.17238164
-4.75563240
0.40338207
0.76717908
-0.36083029
2.70823134
1.95114699
-0.06390652
0.07632296
0.31361780
4.50696359
0.40421126
-49.83159668
-1.77093049
5.94687046
-1.71230584
0.22420154
0.16991278
-1.21087732
-2.53434756
-1.12927376
-0.17389939
-1.00751162
0.72246040
0.25799438
-0.72287123
0.76967247
0.21494137
2.04698030
4.68740618
0.81955117
-16.48890782
-0.17006864
0.79773853
0.75628850
0.79350412
101.29010157
1.60548790
-1.23359014
27.44131709
-2.42700465
-4.01763766
-1.62813987
-3.64914832
-0.09654822
0.20109254
0.02324245
-0.31177682
0.21592639
-0.23234698
-0.02914372
0.21748200
-0.15778696
-0.09347823
0.21760407
-0.08667694
0.41049538
0.26091759
0.05347742
-0.12919446
0.20343638
-0.19624074
0.06642998
-0.11219425
0.22886385
-0.77397947
0.31802398
0.07616291
0.24376822
0.23074606
0.08105455
-0.10244876
0.39749583
-0.34084834
-0.18325771
0.12774843
-0.13082551
0.15680041
0.08219803
-0.12904772
0.32903237
0.29626165
0.49454661
-0.32066436
-0.04496349
0.05709365
0.65590349
0.14617457
0.02716021
-0.14321219
0.05913818
0.14916771
0.52704662
0.04898539
0.03260650
-0.05118443
0.60971177
-0.04351224
0.03822810
-0.05667026
0.06250764
0.13150802
0.11735768
-0.27414575
0.02752764
-0.12036108
-0.03843900
-0.41520950
0.13702080
0.12521258
-0.08413362
-0.14044470
-0.17153135
-0.21035510
0.18471106
0.26605663
0.18418006
0.47524420
0.22339332
-0.01746412
0.11736519
-0.02552848
-0.31283173
0.33128718
-0.00657544
0.03678868
0.38278000
-0.10428202
0.51755282
0.30157267
0.00457667
-0.08094829
0.14780516
0.05886368
-0.25444107
0.07352262
0.20414790
0.04417756
0.02731214
-0.00529804
-0.03853711
0.08926208
0.22004610
-0.26543232
0.16102936
0.00240864
0.20284216
-0.35539558
0.10027828
-0.05538799
0.04159403
0.05812875
-0.03653957
-0.14581725
0.35694192
0.77993747
-0.22679989
0.21258603
-0.33815112
0.00579469
0.09544482
0.51257259
-0.11010410
-0.16499495
0.09868957
-0.12530933
0.04195248
-0.03903859
-0.01721954
0.18238347
-0.23205671
-0.12107954
0.07880600
-0.39702049
-0.05138242
0.06048712
0.03909323
0.17199303
-0.19678214
-0.03176674
0.18168198
0.11183805
-0.00015452
-0.22298994
-0.02362613
-0.10680917
0.05980381
-0.44368826
0.08635698
0.04164900
0.08412925
-0.08022597
0.23803330
0.15835213
-0.00798829
0.04810124
-0.18105412
-0.18808626
-0.27431433
-0.00048833
-0.16560472
0.13514191
-0.10519726
-0.37399963
-0.12243643
0.32136570
-0.13628040
-0.14840133
0.21916816
-0.11554826
0.43164979
-0.11547220
0.03139206
-0.10530607
-0.16004903
-0.14390879
0.17804381
0.28055900
-0.41006187
0.30343171
0.28144040
-0.01822238
0.58777430
-0.01037091
0.22738902
-0.13067468
-0.19837996
0.13901043
0.23711218
-0.14258886
0.02456861
-0.05156966
0.16971973
0.08212199
-0.15024544
0.47088796
-0.21223514
-0.23551722
-0.05149649
0.21053625
-0.02797147
-0.10999712
0.26803378
0.03253264
-0.14679498
0.08770382
-0.18006084
-0.18280627
-0.12818309
-0.39951564
-0.31636225
-0.25744993
-0.00787985
-0.21298072
0.24794339
-0.01605018
0.12517691
0.42181213
-0.00835712
-0.09178138
0.27247750
-0.14692172
0.12314820
-0.01147479
0.35280371
-0.44260620
-0.26184684
-0.16899789
0.42884255
-0.19332287
0.13029334
0.43171617
0.13719141
0.15726307
-0.28154250
0.29943672
0.09141480
-0.23025430
-0.11134732
0.31233959
-0.00657331
0.21809157
0.09585257
-0.15624746
0.16172411
0.06916553
-0.00632082
0.13296854
0.46822684
0.01241004
-0.17350770
0.12200388
-0.41288406
0.41430310
-0.24144880
-0.35235900
0.28156729
0.41551715
0.12503166
0.02310236
-0.05475938
0.31883048
-0.00429510
0.10674266
0.06152080
0.45929907
-0.14994304
-0.01875560
-0.06479947
0.00581264
0.05232471
0.03093181
-0.10594441
-0.61004386
-0.03752309
0.00199105
-0.03040118
0.13062680
-0.22443328
0.25540438
-0.06327960
0.07653512
0.51288671
-0.16505618
0.34803478
-0.13759932
-0.01707896
0.17668175
-0.01705211
-0.03080169
0.00340747
-0.01228579
-0.09042446
0.37574544
0.03615340
-0.23957076
0.35623569
0.20064816
-0.20723929
0.12804324
-0.28191083
0.35608689
0.08573362
0.10537909
0.35634191
0.22959837
0.06626904
-0.26729503
-0.30769664
-0.35079191
0.00463040
0.02967570
-0.03469863
0.02880457
0.26042362
0.12421707
0.15667888
-0.16945022
-0.20179137
-0.17245515
0.08053408
0.23736483
-0.19997833
-0.27293788
0.29502587
0.18564612
-0.25120288
0.02804210
0.07985553
-0.20150165
0.05028960
-0.12861468
0.33330765
0.22332675
0.08881677
0.19750667
0.02756184
-0.03246673
-0.08953116
-0.43758988
0.24111442
-0.21177311
-0.08032175
0.22209050
0.19390978
-0.06148560
-0.01484181
-0.15303277
-0.43288713
0.09966242
-0.09975206
0.21863442
-0.03707072
-0.25531526
-0.29028796
0.04493813
-0.17630456
-0.16927096
0.00835206
0.04151543
-0.17070285
-0.09122010
-0.01241171
-0.17692624
-0.04511546
0.11861884
-0.26281598
0.01371170
-0.13128974
-0.37839220
-0.27237645
0.00850002
-0.08242106
0.20048213
-0.33208359
-0.06087488
0.22187321
0.51733289
-0.23563500
-0.08396035
0.05061751
-0.33501603
0.25462901
0.26755784
-0.01069261
-0.17843326
-0.00832273
0.33147407
-0.56991554
-0.01787130
-0.02270699
-0.18720057
-0.43183648
-0.04554015
0.20687419
-0.10658998
0.12826470
0.17887773
-0.34111232
0.31553042
-0.18751486
-0.22963064
-0.11442606
-0.12567486
0.04601325
-0.52723584
-0.20319774
-0.09561600
-0.00012904
-0.12812799
0.12690070
0.19336741
-0.10873452
-0.21603487
-0.11735929
0.16723317
0.38599235
0.04580111
0.00729537
0.29470758
-0.54506744
-0.03416230
-0.17294037
0.01597066
0.07694717
0.27953729
0.13208054
0.20267044
0.11720760
-0.18834286
0.06567972
0.06801522
0.30452363
0.30195374
0.41572176
0.13506590
-0.01386102
0.01428944
-0.06653316
0.38945001
-0.03306992
-0.00351940
0.10604355
-0.06652939
-0.03272631
-0.45561538
-0.22546908
0.56613155
0.05139175
0.00700260
-0.71658664
0.06972715
0.01226773
0.05621679
-0.13794728
0.05677253
-0.24960879
0.27483096
0.33789542
0.07355464
-0.15704059
0.06136235
0.33765079
-0.10644781
0.28070472
-0.06824847
-0.35309144
0.10997298
0.16674783
-0.41444544
0.05840808
-0.21098102
0.13883282
0.24999035
0.24373841
-0.01004525
0.12891740
0.07782104
-0.04413108
-0.12371575
-0.07336287
-0.07397884
-0.10691839
-0.17074787
-0.05168055
0.03644478
0.22304650
0.09168871
-0.12632715
0.42761567
-0.03014023
-0.18816255
0.24904726
0.40171044
0.15998402
0.25299390
-0.02539342
0.05189241
0.34052713
-0.61482130
-0.16862645
-0.09286360
-0.14250390
-0.01588129
-0.29277840
-0.38906995
-0.12933089
0.00570566
0.02133859
0.05818233
-0.13214554
-0.06364792
-0.00719108
0.17230904
0.08366064
-0.38790101
-0.11564773
-0.35021353
0.08556834
-0.07128206
0.03523268
0.44371260
0.15397799
-0.22154143
0.17585060
-0.08603841
0.28059571
0.18145206
0.30363019
0.10757041
-0.00729239
-0.25262637
0.07428986
-0.24497720
0.03279015
-0.22612122
0.16272826
0.31950295
0.29045033
-0.13844736
-0.24558611
0.45502159
0.10796745
-0.31050432
0.34278219
-0.06785124
-0.17724796
0.05567562
-0.33507283
0.20219924
0.12576221
0.01324450
-0.25790796
-0.17531823
0.27963351
0.20508832
0.13488972
0.06394767
0.25248680
-0.02599741
-0.03118516
-0.29347319
0.14195365
0.03301542
-0.12646478
-0.32685619
0.16407139
-0.30441750
0.41605551
0.58717115
0.05805513
-0.02438846
0.04673073
0.31720691
-0.54798270
0.19935138
-0.14910690
0.00849540
-0.07116500
-0.04939201
0.16948124
0.03830284
-0.14017152
-0.07823452
0.06677588
-0.07344073
0.04688830
0.08484903
-0.09731885
-0.12505570
-0.07783286
0.16173002
-0.04206061
-0.04163295
0.00038790
-0.07804557
-0.12136883
-0.04487187
0.44463018
-0.00800671
0.00264298
-0.08120829
0.08344800
0.04407840
-0.14560768
-0.15230140
-0.09803124
0.09549588
0.16914465
0.37689926
0.41894071
0.13436584
-0.17051530
0.48216736
-0.08094599
-0.14092564
-0.00733788
-0.27100247
-0.09035825
0.22340413
-0.50743510
0.41788979
-0.10071567
0.04198351
0.25214190
-0.36082476
-0.50057786
-0.02292417
0.09844608
0.06677101
0.15512992
-0.01809890
-0.01891920
-0.32388232
0.50778264
0.10110569
-0.07345342
0.00460937
0.00316773
0.02459780
0.15112453
-0.28855039
-0.15992747
-0.01474613
-0.18684478
0.11913068
-0.19480806
0.02367150
-0.07794334
-0.03210331
-0.03891670
0.26608394
-0.09805012
-0.00585065
-0.02080499
0.08055357
0.02549246
0.06480663
0.08027013
-0.47589617
0.10842017
0.27222882
-0.08560622
-0.24159601
-0.00978883
-0.31732816
0.11587300
-0.07387007
0.01229952
0.38375715
0.28788028
0.39705650
-0.42783013
-0.09384630
-0.66378932
0.27948701
0.07498231
0.12686103
-0.01334955
0.19809428
0.02752746
-0.12962365
-0.22026912
0.23008768
0.09825707
-0.37263092
-0.39890668
0.19242652
-0.16900455
-0.04999004
-0.05358850
-0.00534973
0.13841823
0.08155070
0.42437012
0.10733092
0.15491463
0.21121892
0.05967243
0.15459589
0.05872394
-0.08990097
0.12934454
-0.11919531
-0.08631885
-0.14565117
-0.29390103
0.59003046
-0.22834148
-0.70290526
0.04406604
-0.20681537
0.24648900
0.31540244
-0.39032987
0.03370469
-0.01357200
0.12066366
-0.29815716
-0.10280547
0.03460795
-0.06453121
0.29307967
-0.32784255
0.08199134
0.06847953
-0.04795473
0.09166863
0.22232852
-0.02752162
0.13223195
-0.25663857
-0.09055332
0.19386607
-0.08790835
-0.02402203
0.03232109
-0.38898830
-0.29828202
0.37915177
-0.23915978
0.18513739
0.29064594
-0.20293011
0.03827924
0.63916355
-0.48261083
-0.22692309
-0.05373589
-0.22487065
0.36032987
-0.00788488
0.43210484
0.20998569
0.37530459
-0.40078455
-0.19355810
0.10755605
0.27059547
-0.29489929
0.22230540
-0.03239244
0.15262259
-0.53443156
-0.31161374
-0.16797091
0.11140379
-0.25110735
-0.47906383
-0.48935599
0.08848978
0.42377535
0.46121647
-0.42753379
0.39295847
-0.35499120
-0.26635815
0.02026309
-0.17714019
-0.51824472
0.00261857
0.20418720
-0.21507567
-0.08543629
0.06103707
-0.35469114
-0.15608519
-0.32294288
0.19200083
0.22326520
0.06545273
0.05455987
-0.08789085
-0.16545836
-0.17406178
-0.15545221
0.13273171
0.12360389
-0.23582194
-0.12958366
-0.07243414
-0.09389259
-0.24422054
0.24756952
-0.03391842
0.03899196
0.01158944
0.24624700
0.10463811
-0.10019328
-0.00328826
-0.11307609
0.14741247
-0.25049072
0.29458112
0.21950146
-0.23226820
0.01994166
-0.09873738
-0.55306139
-0.14771292
0.07285344
-0.31374272
0.36141462
0.06745189
-0.15036637
0.11168138
-0.17362841
0.08751933
0.11005098
0.41575641
0.38636863
-0.02098736
0.08581657
0.17988865
-0.35862030
0.32028693
0.28098473
0.15851535
-0.05331858
-0.42490238
0.05218265
-0.15271623
0.03386251
0.10594983
0.04383434
0.33920439
0.20844313
0.03402791
0.02707378
0.02337578
0.09593542
-0.17034269
0.14620474
-0.22721201
-0.03099417
0.05591575
0.04024926
-0.06936207
0.01203503
-0.20135094
-0.30595098
0.16998214
-0.06218824
0.32851756
-0.39329548
-0.31729659
-0.05901538
-0.29642292
-0.21229872
0.12532723
0.25126433
0.00585666
-0.09930438
0.14075664
-0.28172500
-0.13283799
0.22535316
-0.25200820
0.22781824
0.51825601
0.26447771
0.01413798
-0.01996141
0.24388703
-0.19614635
0.02399132
0.03880140
0.67129382
0.13392898
0.23052826
0.03833218
-0.03030249
-0.24061018
0.07520248
0.65118390
0.11538804
0.02890707
0.01826335
0.51127944
0.10422635
0.16440653
0.37134007
0.53461712
0.52300421
0.47991065
-0.07263487
-0.00068258
-0.46564626
0.23474828
-0.07428680
-0.34047527
0.23429978
-0.10208528
-0.34066708
-0.56887701
-0.21043458
0.15286364
0.19637783
0.11938937
-0.20339918
0.14420254
-0.07167327
0.04266022
-0.19540207
0.01562777
-0.09798595
0.44767385
-0.55036831
-0.22102921
-0.18378347
-0.05459867
0.38273879
0.08126569
-0.20041471
-0.01835318
-0.10053834
-0.16352318
0.01035345
-0.03603299
-0.05647378
0.01041786
0.23571350
0.13828813
-0.45113811
-0.00697870
0.31608179
-0.10291405
0.02627658
0.41928672
0.00628101
-0.25686177
-0.06037059
0.02159694
-0.14115637
-0.15701350
-0.43135212
-0.09486750
-0.10197627
-0.19512736
-0.03177538
0.12161231
-0.01363963
0.25392215
0.08821785
-0.36622634
-0.54424235
-0.37324516
-0.00391802
-0.24416955
0.25998649
-0.14837214
-0.05532242
0.53839042
-0.03922052
0.05587274
0.05313502
-0.05696223
-0.10868044
0.23112437
-0.17224528
0.39423367
0.07499390
0.21307158
0.18272604
-0.19077103
0.45894022
0.22994171
-0.28455267
0.11575139
0.16191588
0.18574511
0.09069081
0.17792875
-0.02244996
0.59971830
0.11742356
0.26160255
-0.07764185
0.13892483
-0.26730952
-0.19839722
-0.20691968
0.35046372
-0.41978194
-0.00610092
-0.15980172
-0.29262571
0.00668716
-0.00668130
-0.72932990
0.43137628
-0.02280931
0.00270618
0.24906736
-0.05803964
0.03728597
0.31392120
-0.16484599
-0.34347401
-0.03069083
0.13431413
0.22363570
-0.06349688
0.10808948
-0.09852764
0.03731186
-0.00599094
0.48398721
-0.04529873
-0.33372253
0.44656017
-0.01482427
-0.17423771
0.10967249
-0.14079669
0.21779699
-0.07151235
-0.00837065
0.00195150
0.09404451
0.00082291
0.01418770
-0.29401762
-0.04831328
-0.27604599
-0.01477943
-0.13242768
0.04882594
0.29916052
-0.27621416
0.09850501
0.11148848
0.19783685
0.24698574
0.05722072
-0.47133878
0.45642752
0.08988032
-0.13395613
0.18378746
0.01263490
0.24999136
-0.19091499
0.04962662
-0.00329373
-0.06858194
0.05382053
0.00669309
0.39696026
-0.63088533
0.23671526
0.00196463
-0.01750789
-0.12020921
-0.01133703
0.35531659
0.21168644
0.02919267
-0.01518786
0.00179864
0.04271353
-0.00562391
-0.35320754
0.03804919
-0.03016472
0.35076033
-0.22227543
0.10414956
0.18715684
-0.01505360
-0.06597891
0.04624865
0.01700190
0.25697284
0.06451113
0.25231041
-0.02473683
0.08953954
0.07983150
0.14924392
0.15315516
0.37842689
0.17226544
-0.28455653
0.32460699
-0.12239792
0.04486780
0.30112577
0.34636059
0.12428396
0.09749836
0.02269249
0.04183419
-0.08071104
-0.13643143
0.27282761
-0.00722242
0.01163810
-0.08981853
-0.16653599
-0.13766009
-0.08367391
0.04559159
0.10084128
-0.03724427
-0.11006742
-0.12714620
-0.02116039
-0.38867584
-0.12150077
-0.03127367
-0.07601164
0.28720872
-0.10796968
-0.03551020
-0.66427630
0.23269556
-0.03454007
0.35546294
0.40364219
-0.66684203
-0.07719007
-0.02626591
0.00236331
-0.49729442
0.38869052
0.07593521
0.03175715
0.08964073
0.02511694
0.13654621
0.30738623
0.22048969
0.00920863
-0.18624187
0.05152851
0.02905960
-0.11520313
-0.19790617
-0.13687575
-0.00501340
-0.14438571
0.13427220
0.18810171
0.27388582
-0.03160820
0.02127424
0.32209781
0.00524054
0.02176187
0.52469261
0.18692012
-0.29490484
0.06545946
-0.14173674
0.37774213
-0.34841544
0.18403823
-0.25444591
-0.01421408
0.08426910
-0.44664953
-0.26115221
0.21073409
-0.28042123
-0.03932858
0.06340233
-0.13364904
-0.22928627
0.10344621
0.05241677
0.01850798
0.18890309
-0.37700104
-0.11928727
0.49505316
0.03275433
0.27513374
-0.09153661
0.19151480
0.00413531
0.21860937
-0.53405956
0.29538851
-0.12757441
-0.23540534
-0.07407254
-0.46527643
-0.45991608
-0.00586354
0.16414664
-0.58988530
0.16619151
-0.15168187
0.08894483
0.07126726
-0.22964206
0.02590261
0.47904623
0.41970847
-0.15955330
0.08712254
-0.18668424
0.38331930
-0.00515763
0.06600288
-0.06314715
-0.24049784
-0.33996671
0.11958929
0.20040106
-0.11513418
0.07885105
-0.14467419
0.34507127
-0.02983835
-0.26417484
-0.55381804
0.16079275
-0.23193240
-0.38367383
0.08926590
-0.44641819
0.26192182
0.11773924
0.12924447
0.06440177
-0.26047372
-0.49523717
-0.14153101
0.08808465
0.25431077
0.26741174
-0.58872884
0.12239405
-0.23668942
0.05125969
0.10284781
0.20656604
0.41679258
0.21095494
0.21465311
-0.22674089
-0.10592869
0.23833547
0.15662325
-0.13231638
0.23186588
0.47286603
-0.00006899
-0.02029943
0.20737052
-0.00595877
-0.01787719
-0.19718723
0.29907038
0.05369784
0.09967674
-0.28825286
0.40729865
0.31695777
0.10220570
-0.45803293
0.10736056
-0.16842540
0.33002437
0.16600911
0.10486382
0.07009950
-0.25906894
-0.17654918
0.33543640
0.08786473
0.46254173
-0.14633783
-0.10634861
-0.32061241
-0.08847516
-0.00885199
0.15358897
-0.81167362
0.36501786
-0.09054569
-0.16570976
-0.01316077
0.32777640
0.22517244
0.06584914
0.10810713
-0.04571736
0.15187852
-0.14586631
-0.07392876
0.00228314
0.00013720
0.01353807
0.03612040
0.12770281
0.22064128
-0.23154627
-0.00350890
-0.08049512
0.16518492
-0.14029839
0.02955719
-0.33674629
-0.24807541
-0.46782056
0.03061345
-0.09063135
-0.08001644
0.49054885
0.09907319
-0.15564122
0.01022350
-0.22107421
-0.43328754
-0.29427346
0.32367339
0.39806648
-0.42494819
-0.21692258
0.36152043
0.31973879
-0.06319550
0.00440708
0.20909419
0.04360679
-0.32234066
-0.13084996
-0.02547426
-0.27359589
-0.05809319
-0.05644383
-0.26999244
0.05314546
-0.37062163
0.14508614
-0.14828474
0.30687433
0.05143181
-0.08695724
-0.31516438
-0.07934849
0.03236210
0.04723595
0.15976646
-0.01779819
0.35510872
-0.14075321
-0.02130187
-0.11282186
0.39714053
0.12575679
-0.19682140
-0.50549888
-0.07376038
-0.31768407
0.11499062
-0.54346206
0.20255721
-0.08275072
0.02106606
-0.10747655
-0.07605370
-0.03455275
0.05820495
0.09150755
-0.01284950
-0.04948272
-0.11835448
-0.13912547
-0.44923062
-0.20736914
-0.03049052
-0.31229415
-0.28473007
-0.09181178
0.04583956
0.21736875
0.28469167
0.15696921
-0.02323837
-0.07718003
-0.06205649
0.15973741
-0.49822279
-0.09983758
0.13674022
-0.00159217
-0.03465850
0.42186093
-0.12269874
-0.25581610
-0.01127449
-0.02806053
0.25909459
-0.01523334
0.05236510
-0.05605438
-0.34423623
-0.19732560
0.27881667
0.63708354
-0.05823191
0.37944619
0.06345042
0.09281242
0.14130159
-0.38001066
-0.47997625
0.45988239
0.11293215
0.08254168
0.38396098
0.31894149
0.20430824
0.38115378
0.38076471
0.02925905
-0.21901302
-0.11218357
0.25232588
-0.00873784
0.09891727
-0.03417164
0.02991364
0.04478004
-0.38391359
0.05831385
-0.08600732
0.01155852
0.10041342
-0.00298391
-0.10109156
0.00288773
-0.13270921
-0.13677704
0.21858668
0.17160304
-0.46746890
0.02220700
-0.11403609
-0.01228752
-0.00565997
0.03994683
-0.29636153
-0.19303314
0.50204731
-0.04848634
0.47207136
-0.04808371
-0.22607505
-0.09840190
0.14114441
-0.02463525
0.22835602
0.45761857
0.11913278
0.15830415
-0.01379222
-0.28965987
-0.21335997
0.31186880
-0.22129427
-0.34465020
0.06382652
0.18996074
-0.21715101
-0.05219990
-0.31750080
-0.81054688
-0.24482305
0.15854046
0.21216698
0.24452868
-0.25340892
0.33701424
0.17372073
0.15176194
0.00416434
-0.27987691
0.10555561
0.01375823
-0.14522489
-0.15555776
-0.00885116
0.01944636
-0.04803204
-0.14832378
-0.35746854
-0.23785032
-0.29228623
0.01561364
-0.01614243
0.18300777
-0.04266481
-0.07951850
-0.34109100
-0.01437322
0.13511155
-0.01652982
0.54889851
-0.19779402
-0.02331840
-0.26977503
0.14966269
-0.14854777
0.30888107
-0.30118171
0.01963247
-0.01017562
-0.27988607
0.29573772
-0.06816606
0.18161323
0.03883259
-0.30243186
0.14655338
-0.10685602
0.20158900
0.01000000
0.01000000
0.01000000
0.01000000
0.01000000
0.01000000
0.01000000
0.01000000
0.01000000
0.01000000
0.01000000
0.01000000
0.01000000
0.01000000
0.01000000
0.01000000
0.01000000
0.01000000
0.01000000
0.01000000
0.01000000
0.01000000
0.01000000
0.01000000
0.01000000
0.01000000
0.01000000
0.01000000
0.01000000
0.01000000
0.01000000
0.01000000
0.01000000
0.01000000
0.01000000
0.01000000
0.01000000
0.01000000
0.01000000
0.01000000
0.01000000
0.01000000
0.01000000
0.01000000
0.01000000
0.01000000
0.01000000
0.01000000
0.01000000
0.01000000
0.01000000
0.01000000
0.01000000
0.01000000
0.01000000
0.01000000
0.01000000
0.01000000
0.01000000
0.01000000
0.01000000
0.01000000
0.01000000
0.01000000
0.01000000
0.01000000
0.01000000
0.01000000
0.01000000
0.01000000
0.01000000
0.01000000
0.01000000
0.01000000
0.01000000
0.01000000
0.01000000
0.01000000
0.01000000
0.01000000
0.01000000
0.01000000
0.01000000
0.01000000
0.01000000
0.01000000
0.01000000
0.01000000
0.01000000
0.01000000
0.01000000
0.01000000
0.01000000
0.01000000
0.01000000
0.01000000
0.01000000
0.01000000
0.01000000
0.01000000
0.01000000
0.01000000
0.01000000
0.01000000
0.01000000
0.01000000
0.01000000
0.01000000
0.01000000
0.01000000
0.01000000
0.01000000
0.01000000
0.01000000
0.01000000
0.01000000
0.01000000
0.01000000
0.01000000
0.01000000
0.01000000
0.01000000
0.01000000
0.01000000
0.01000000
0.01000000
0.01000000
0.01000000
0.01000000
0.01000000
0.01000000
0.01000000
0.01000000
0.01000000
0.01000000
0.01000000
0.01000000
0.01000000
0.01000000
0.01000000
0.01000000
0.01000000
0.01000000
0.01000000
0.01000000
0.01000000
0.01000000
0.01000000
0.01000000
0.01000000
0.01000000
0.01000000
0.01000000
0.01000000
0.01000000
0.01000000
0.01000000
0.01000000
0.01000000
0.01000000
0.01000000
0.01000000
0.01000000
0.01000000
0.01000000
0.01000000
0.01000000
0.01000000
0.01000000
0.01000000
0.01000000
0.01000000
0.01000000
0.01000000
0.01000000
0.01000000
0.01000000
0.01000000
0.01000000
0.01000000
0.01000000
0.01000000
0.01000000
0.01000000
0.01000000
0.01000000
0.01000000
0.01000000
0.01000000
0.01000000
0.01000000
0.01000000
0.01000000
0.01000000
0.01000000
0.01000000
0.01000000
0.01000000
0.01000000
0.01000000
0.01000000
0.01000000
0.01000000
0.01000000
0.01000000
0.01000000
0.01000000
0.01000000
0.01000000
0.01000000
0.01000000
0.01000000
0.01000000
0.01000000
0.01000000
0.01000000
0.01000000
0.01000000
0.01000000
0.01000000
0.01000000
0.01000000
0.01000000
0.01000000
0.01000000
0.01000000
0.01000000
0.01000000
0.01000000
0.01000000
0.01000000
0.01000000
0.01000000
0.01000000
0.01000000
0.01000000
0.01000000
0.01000000
0.01000000
0.01000000
0.01000000
0.01000000
0.01000000
0.01000000
0.01000000
0.01000000
0.01000000
0.01000000
0.01000000
0.01000000
0.01000000
0.01000000
0.01000000
0.01000000
0.01000000
0.01000000
0.01000000
0.01000000
0.01000000
0.01000000
0.01000000
0.01000000
0.01000000
0.01000000
0.01000000
0.01000000
0.01000000
0.01000000
0.01000000
0.01000000
0.01000000
0.01000000
0.01000000
0.01000000
0.01000000
0.01000000
0.01000000
0.01000000
0.01000000
0.01000000
0.01000000
0.01000000
0.01000000
0.01000000
0.01000000
0.01000000
0.01000000
0.01000000
0.01000000
0.01000000
0.01000000
0.01000000
0.01000000
0.01000000
0.01000000
0.01000000
0.01000000
0.01000000
0.01000000
0.01000000
0.01000000
0.01000000
0.01000000
0.01000000
0.01000000
0.01000000
0.01000000
0.01000000
0.01000000
0.01000000
0.01000000
0.01000000
0.01000000
0.01000000
0.01000000
0.01000000
0.01000000
0.01000000
0.01000000
0.01000000
0.01000000
0.01000000
0.01000000
0.01000000
0.01000000
0.01000000
0.01000000
0.01000000
0.01000000
0.01000000
0.01000000
0.01000000
0.01000000
0.01000000
0.01000000
0.01000000
0.01000000
0.01000000
0.01000000
0.01000000
0.01000000
0.01000000
0.01000000
0.01000000
0.01000000
0.01000000
0.01000000
0.01000000
0.01000000
0.01000000
0.01000000
0.01000000
0.01000000
0.01000000
0.01000000
0.01000000
0.01000000
0.01000000
0.01000000
0.01000000
0.01000000
0.01000000
0.01000000
0.01000000
0.01000000
0.01000000
0.01000000
0.01000000
0.01000000
0.01000000
0.01000000
0.01000000
0.01000000
0.01000000
0.01000000
0.01000000
0.01000000
0.01000000
0.01000000
0.01000000
0.01000000
0.01000000
0.01000000
0.01000000
0.01000000
0.01000000
0.01000000
0.01000000
0.01000000
0.01000000
0.01000000
0.01000000
0.01000000
0.01000000
0.01000000
0.01000000
0.01000000
0.01000000
0.01000000
0.01000000
0.01000000
0.01000000
0.01000000
0.01000000
0.01000000
0.01000000
0.01000000
0.01000000
0.01000000
0.01000000
0.01000000
0.01000000
0.01000000
0.01000000
0.01000000
0.01000000
0.01000000
0.01000000
0.01000000
0.01000000
0.01000000
0.01000000
0.01000000
0.01000000
0.01000000
0.01000000
0.01000000
0.01000000
0.01000000
0.01000000
0.01000000
0.01000000
0.01000000
0.01000000
0.01000000
0.01000000
0.01000000
0.01000000
0.01000000
0.01000000
0.01000000
0.01000000
0.01000000
0.01000000
0.01000000
0.01000000
0.01000000
0.01000000
0.01000000
0.01000000
0.01000000
0.01000000
0.01000000
0.01000000
0.01000000
0.01000000
0.01000000
0.01000000
0.01000000
0.01000000
0.01000000
0.01000000
0.01000000
0.01000000
0.01000000
0.01000000
0.01000000
0.01000000
0.01000000
0.01000000
0.01000000
0.01000000
0.01000000
0.01000000
0.01000000
0.01000000
0.01000000
0.01000000
0.01000000
0.01000000
0.01000000
0.01000000
0.01000000
0.01000000
0.01000000
0.01000000
0.01000000
0.01000000
0.01000000
0.01000000
0.01000000
0.01000000
0.01000000
0.01000000
0.01000000
0.01000000
0.01000000
0.01000000
0.01000000
0.01000000
0.01000000
0.01000000
0.01000000
0.01000000
0.01000000
0.01000000
0.01000000
0.01000000
0.01000000
0.01000000
0.01000000
0.01000000
