32  0  32
0.03125239
0.03125239
0.03125239
0.03125239
0.03125239
0.03125239
0.03125239
0.03125239
0.03125239
0.03125239
0.03125239
0.03125239
0.03125239
0.03125239
0.03125239
0.03125239
0.03125239
0.03125239
0.03125239
0.03125239
0.03125239
0.03125239
0.03125239
0.03125239
0.03125239
0.03125239
0.03125239
0.03125239
0.03125239
0.03125239
0.03125239
0.03125239
6.35881065
-0.23939419
2.31169854
0.07018920
-1.01054573
-1.19091627
3.84811818
0.36517238
-0.15663023
-1.65766624
1.28510558
0.18832295
-0.48307344
-1.18141539
0.40067222
1.89914861
-0.16252731
-0.65256644
8.71176348
-0.07429593
0.43712946
5.30414952
-0.14719538
9.83836840
0.20872871
8.18394010
-0.27380848
-0.05586605
0.22375757
0.15642808
2.49850445
-0.39661295
-12.85822299
-0.26174411
9.82461218
0.46856118
0.31174236
-2.92983485
-3.56808378
-2.01815535
0.25658201
-0.70956599
-0.64744736
-0.28177338
-1.61424472
1.26609881
-7.94706410
-4.35336245
1.00345019
0.38908015
-4.88905538
0.03603613
-1.61181305
-3.59958624
-0.15826208
14.45313475
-0.32545838
15.73502201
-1.00584713
0.23522202
1.17350014
0.19602419
-6.31377551
-0.56653256
2.42418266
-0.18738947
-7.70964699
-0.06596264
-0.74151858
3.88708108
-0.07576936
0.76056961
-0.74884450
-1.50169609
-2.54398285
-0.07052842
-1.27488078
0.94593603
2.37058650
-2.77601033
0.66116629
0.50970678
4.98454359
0.07174772
0.03087585
4.54221119
0.08231992
-4.66294966
-0.01372286
20.69008083
-1.59760034
-0.15082532
1.32527065
-0.42680257
-3.04782250
0.86015095
0.00781208
-0.05951839
-0.21656337
0.15042181
0.11240782
-0.11940450
0.26620735
0.07365273
-0.19622777
0.04157360
0.27634655
-0.82938814
-0.13576008
0.16473863
-0.14715932
0.17425747
-0.16901752
0.43489626
0.19379697
0.27145449
0.44070207
-0.08902839
-0.43642247
0.12102136
0.24675217
-0.05727110
0.06663952
-0.09891561
-0.41341735
-0.24304510
-0.11609985
-0.06466771
-0.15871263
-0.10877585
0.08006920
-0.26395122
-0.27193370
-0.01088767
0.02645983
-0.22148852
0.23503805
0.06678187
-0.03301118
-0.09859672
0.18465141
-0.76061585
0.02142942
-0.21720682
-0.09306101
-0.36562239
-0.12262045
-0.01967405
0.15486915
0.13819119
-0.11608871
-0.04602520
-0.66630446
-0.08306807
0.30023154
-0.41052804
0.24465682
0.51073467
0.09480228
0.29344991
-0.08573793
-0.37549707
-0.11127121
0.35957183
-0.01801129
0.01800482
0.02106352
-0.38692921
0.17814122
-0.37246022
-0.53675250
0.38006477
-0.26817827
0.19034969
-0.05366072
-0.09923464
0.34154967
-0.50549407
-0.01347896
0.36354953
0.34208892
0.23060108
-0.22480766
-0.01040675
0.37673581
0.15953242
0.38633889
-0.00784640
0.21126776
-0.43244971
0.05087819
-0.29066810
0.01000000
0.01000000
0.01000000
0.01000000
0.01000000
0.01000000
0.01000000
0.01000000
0.01000000
0.01000000
0.01000000
0.01000000
0.01000000
0.01000000
0.01000000
0.01000000
0.01000000
0.01000000
0.01000000
0.01000000
0.01000000
0.01000000
0.01000000
0.01000000
0.01000000
0.01000000
0.01000000
0.01000000
0.01000000
0.01000000
0.01000000
0.01000000
