64  0  64
0.01562425
0.01562425
0.01562425
0.01562425
0.01562425
0.01562425
0.01562425
0.01562425
0.01562425
0.01562425
0.01562425
0.01562425
0.01562425
0.01562425
0.01562425
0.01562425
0.01562425
0.01562425
0.01562425
0.01562425
0.01562425
0.01562425
0.01562425
0.01562425
0.01562425
0.01562425
0.01562425
0.01562425
0.01562425
0.01562425
0.01562425
0.01562425
0.01562425
0.01562425
0.01562425
0.01562425
0.01562425
0.01562425
0.01562425
0.01562425
0.01562425
0.01562425
0.01562425
0.01562425
0.01562425
0.01562425
0.01562425
0.01562425
0.01562425
0.01562425
0.01562425
0.01562425
0.01562425
0.01562425
0.01562425
0.01562425
0.01562425
0.01562425
0.01562425
0.01562425
0.01562425
0.01562425
0.01562425
0.01562425
-0.65999564
-3.16971079
0.57829845
0.42620731
0.35721560
0.18890615
-8.46902857
-0.40685162
-0.52668924
-0.56182473
-21.91406305
12.23790020
-1.54125970
1.70056888
-0.61778566
0.53421889
2.88258285
3.54547090
1.32375094
-6.97659351
-0.03317979
1.77905462
-10.07485694
-0.58369685
0.29762645
1.16190418
0.07928331
-0.07966284
-0.02842917
-0.38410773
1.13132912
0.27497579
0.09301628
0.64640620
-1.89376731
1.39900780
3.79932752
0.60492069
-1.56394145
0.75302540
45.26391543
-1.43294665
-1.94330887
-0.15921663
-12.36956915
2.21096548
-0.31002822
0.68939229
0.88857592
-1.58370797
-2.98483491
1.84538587
-0.27639594
-5.38407703
-1.02877156
-0.73781443
0.52738111
-2.12408405
-0.16371129
-4.09618026
-3.90893413
-1.09877421
1.26803105
0.82167901
0.28140120
-1.32327540
-0.50469590
1.65631092
-0.75059761
0.05214124
9.23330118
0.30436035
0.61161186
-0.04629153
4.88817295
-30.83899621
0.71532716
0.90559436
1.81254411
-2.07770187
10.76464329
0.00851939
-6.12803922
-4.71425174
0.10403250
0.30589798
-3.51736719
0.16516704
-0.06941165
2.72245300
-0.06003237
-0.65058731
-0.34680510
-0.33559060
0.22295391
-0.61532905
3.12203334
0.05165360
-5.09676921
-0.81945277
-0.38841339
0.06762712
0.35707295
-0.41900046
-44.74032089
2.21057802
4.20607387
-0.54758212
4.52599693
-0.63795366
-1.37641619
-0.07237519
0.59657668
8.22090354
-3.78861719
-1.33534836
-0.21762904
5.24343221
-0.56006847
-0.07531607
-0.37401934
3.07983011
-0.25703869
5.01457260
1.66686791
3.06860786
1.98323724
6.50694756
-0.18847209
-2.82647396
-1.10776040
1.15827021
-5.02201400
-0.12917847
3.43566799
-0.87939102
-0.77003160
-0.28533025
-13.67535016
-6.45473511
-0.40042188
0.10796190
-2.88243190
-1.71505982
8.70560532
-1.23160911
-2.68739764
5.54178816
-0.14155284
-0.85219100
-18.95061199
0.38520249
0.44009963
0.06817592
0.03447613
-1.68134115
0.88836608
0.40714189
-0.41565809
2.19125738
-7.37025730
0.18379090
-27.55993770
0.92342486
1.43739145
0.05938442
-1.44129871
-0.49157647
-8.02630546
-0.25858266
4.06513728
0.17582068
6.96523933
3.21480013
0.85182852
1.54033660
-0.15307356
1.89313606
-3.34220524
1.15104833
-0.13739874
-0.99006562
0.19679689
1.17712120
0.57997478
2.76010866
-0.48486781
-0.27749482
0.28502296
0.66050352
6.79031084
-6.86787202
0.43963654
0.07445696
-0.32423495
0.06031636
0.12710961
-0.72064316
-0.01112673
0.15813976
-0.07205630
-0.49735925
-0.09080402
0.03787064
0.21484442
0.39764291
0.04104105
-0.02001291
0.04180378
0.08509161
0.00554846
0.00311551
0.05692185
0.12310219
0.13301101
0.13841920
0.75229007
-0.15665540
-0.16880225
0.09132652
0.35161331
-0.38162648
-0.28203071
-0.14068214
-0.00271309
0.34648342
0.14787134
0.43730784
0.04948349
-0.02108333
0.00325180
0.08054430
0.00192741
-0.04794704
0.14806023
0.14296553
-0.12907779
0.24042455
-0.09115786
0.02243949
-0.38777018
0.02632018
-0.12642555
-0.02946886
-0.44430503
0.35688390
-0.29996814
-0.33109986
-0.10660337
-0.03867228
-0.03208436
0.10972557
0.39959117
0.19005901
-0.08290124
-0.27049998
-0.48585777
-0.43596341
-0.12656724
-0.04198112
0.23697450
-0.16446918
-0.09525623
-0.32610933
0.13828033
-0.52459436
0.05010523
0.05438532
0.00608137
-0.19039967
0.44817101
-0.01427060
0.01711253
0.09213115
0.15472168
-0.29764580
0.02413602
-0.13993463
0.11771593
0.05013958
0.35439269
-0.13934214
-0.10493402
0.04619247
-0.12817240
0.12725824
-0.28512584
-0.27779060
-0.04798521
0.18641250
0.01000557
-0.23212019
-0.22192780
0.32545818
0.00278429
0.39061046
0.07850913
0.21492815
0.01591080
-0.14877933
0.02735595
0.19720879
0.18648300
0.57895320
0.23995870
0.11832981
0.09703403
-0.02681379
-0.07124008
0.05404827
-0.49209791
0.55140434
-0.19759978
-0.12782813
0.00455105
-0.14656037
-0.03112341
0.14148055
0.22935081
0.04888224
-0.33875781
0.29653149
-0.12687719
0.32323154
0.18565218
-0.04064947
0.08472958
0.22638507
0.30520618
0.05125991
-0.16664338
-0.06840710
-0.31009150
-0.30840337
-0.05302943
0.62888883
-0.21178090
0.08504482
-0.35982112
-0.08632568
-0.15632138
0.56460717
0.01577234
-0.26890591
-0.39372644
-0.15239702
-0.04681322
-0.12944183
0.34290455
0.52263460
-0.32512388
-0.02252896
0.04635669
0.18905039
0.01311724
0.03071154
-0.11967065
0.45001424
-0.25945227
-0.39622888
0.08426819
0.08415083
0.03267992
-0.26391758
0.08835667
-0.17955399
-0.15589973
0.00195805
-0.22205071
-0.17461465
0.01095881
0.01596780
-0.27479171
0.28334154
-0.09164601
-0.40903826
-0.12853346
-0.24422153
0.21892932
-0.27185556
0.31035861
-0.15857339
0.13704426
0.00669668
0.01000000
0.01000000
0.01000000
0.01000000
0.01000000
0.01000000
0.01000000
0.01000000
0.01000000
0.01000000
0.01000000
0.01000000
0.01000000
0.01000000
0.01000000
0.01000000
0.01000000
0.01000000
0.01000000
0.01000000
0.01000000
0.01000000
0.01000000
0.01000000
0.01000000
0.01000000
0.01000000
0.01000000
0.01000000
0.01000000
0.01000000
0.01000000
0.01000000
0.01000000
0.01000000
0.01000000
0.01000000
0.01000000
0.01000000
0.01000000
0.01000000
0.01000000
0.01000000
0.01000000
0.01000000
0.01000000
0.01000000
0.01000000
0.01000000
0.01000000
0.01000000
0.01000000
0.01000000
0.01000000
0.01000000
0.01000000
0.01000000
0.01000000
0.01000000
0.01000000
0.01000000
0.01000000
0.01000000
0.01000000
